1000
4888
0 4 6
0 67 3
0 176 7
0 494 3
0 618 5
0 767 10
0 845 10
0 942 7
0 948 9
0 952 5
1 39 1
1 361 2
1 427 9
1 466 1
1 472 4
1 646 5
1 750 2
1 958 3
2 99 8
2 255 2
2 328 1
2 620 3
2 630 9
2 663 9
2 712 5
2 882 9
2 910 5
2 922 8
3 424 3
3 430 9
3 457 6
3 624 1
3 744 10
3 752 2
3 901 1
4 311 1
4 613 2
4 850 5
4 897 10
4 930 4
5 359 4
5 789 8
6 106 3
6 185 2
6 679 1
7 295 5
7 394 5
7 700 6
8 441 7
8 522 9
8 822 9
8 904 7
8 980 6
9 121 3
9 797 2
9 948 4
10 6 3
10 241 3
10 294 6
10 602 8
10 792 4
10 796 10
10 798 9
11 231 3
11 459 2
11 522 7
11 606 9
11 732 3
11 811 2
12 224 9
12 513 6
12 538 3
12 775 6
12 953 1
12 996 7
13 30 2
13 87 9
13 264 2
13 430 10
13 515 6
13 634 10
13 687 3
13 797 8
13 930 10
14 203 1
14 221 6
14 355 5
14 861 5
14 904 4
14 983 1
15 199 9
15 605 3
15 799 3
15 974 6
16 28 10
16 37 5
16 293 5
16 588 4
16 665 7
17 47 5
17 362 2
17 998 7
18 278 8
18 294 5
18 744 2
18 846 9
18 967 8
18 985 1
19 343 2
19 599 3
20 57 5
20 125 3
20 196 1
20 278 7
20 445 2
20 484 10
20 608 9
20 658 6
20 671 7
20 717 7
20 843 2
21 133 3
21 192 5
21 268 3
21 325 2
21 340 10
21 529 4
21 595 5
21 793 10
22 290 1
22 316 1
22 399 2
22 423 1
22 474 6
22 590 3
22 749 9
22 905 10
22 911 2
23 501 5
24 372 8
24 448 8
24 613 4
24 794 3
24 853 10
24 938 6
25 10 2
25 58 5
25 169 9
25 289 3
25 328 4
25 352 8
25 377 5
25 385 4
25 534 7
25 872 7
26 165 9
26 529 2
27 190 1
27 217 6
27 870 6
28 21 5
28 661 6
28 784 8
28 803 3
28 827 8
28 924 6
28 936 10
28 983 5
29 80 10
29 162 6
29 217 8
29 407 6
29 452 5
29 548 8
29 910 10
29 954 10
30 63 7
30 132 4
30 236 1
30 392 6
30 722 10
30 877 10
30 999 5
31 131 3
31 403 1
31 535 4
31 950 4
32 129 9
32 228 5
32 249 10
32 493 5
32 611 6
32 878 7
32 884 10
32 929 5
33 276 8
33 395 2
33 684 3
33 781 8
34 47 7
34 218 8
34 243 8
34 413 8
34 429 8
34 659 6
34 671 3
34 839 3
35 176 9
35 714 8
35 832 5
36 25 8
36 34 10
36 148 3
36 195 4
36 218 1
36 221 5
36 267 7
36 462 5
37 25 3
37 50 2
37 261 1
37 756 1
38 39 8
38 72 2
38 153 7
38 504 7
38 559 3
38 676 5
39 234 4
39 293 7
39 341 4
39 467 4
39 495 9
39 545 4
40 13 10
40 147 7
40 602 6
40 755 3
41 154 2
41 266 8
41 332 6
41 396 3
41 603 7
41 884 10
42 158 9
42 318 2
42 396 4
42 627 5
42 838 4
43 108 2
43 250 4
43 523 9
43 572 5
43 652 7
43 780 7
43 795 1
43 961 8
44 62 10
44 270 6
44 357 6
44 486 7
44 549 9
44 978 6
45 200 5
45 650 9
45 660 7
46 425 1
46 434 1
46 476 4
46 496 9
46 591 10
46 952 9
47 233 7
47 270 1
47 335 4
47 349 8
47 470 7
47 634 7
47 798 3
47 816 1
47 914 10
48 140 3
48 148 3
48 218 1
48 334 6
48 903 3
49 53 4
49 132 7
49 201 4
49 220 3
49 312 9
49 370 4
50 90 2
50 667 6
50 693 1
50 713 7
50 882 10
50 937 4
50 981 6
50 989 3
51 85 3
51 106 10
51 144 9
51 340 1
51 525 10
51 663 3
51 694 7
51 821 6
52 167 7
52 280 10
52 380 6
52 847 3
53 28 6
53 69 7
53 311 4
53 694 8
54 236 5
54 706 4
55 44 2
55 116 6
55 206 10
55 381 2
55 422 9
55 733 8
56 46 7
56 92 6
56 331 1
56 639 9
56 714 7
56 794 2
56 856 7
56 880 9
56 886 7
56 893 10
57 82 1
57 334 1
57 640 9
57 833 9
57 851 8
57 995 5
58 30 10
58 383 7
58 447 7
58 462 9
58 688 8
58 807 6
59 114 2
59 427 6
59 552 2
59 668 1
59 805 7
60 29 8
60 77 9
60 92 4
60 230 5
60 247 5
60 484 5
60 561 7
60 652 2
60 718 10
60 801 7
60 960 6
61 211 7
61 532 7
61 912 2
61 980 6
62 498 5
63 38 8
63 74 4
63 284 1
63 521 7
63 623 8
63 724 8
63 751 9
63 829 2
64 28 9
64 45 1
64 223 3
64 651 4
64 684 5
65 26 4
65 181 6
65 332 8
65 518 2
65 834 5
65 859 10
65 922 9
66 171 5
66 224 5
66 400 9
66 427 10
66 655 3
66 949 1
67 77 3
67 109 8
67 776 1
67 807 3
67 816 9
67 921 5
68 134 1
68 197 10
68 335 3
68 540 1
68 551 3
68 690 9
68 820 10
69 276 8
69 683 9
69 723 5
69 763 7
71 225 7
71 249 9
71 828 9
72 49 9
72 181 1
72 338 1
72 447 3
72 660 1
73 362 9
73 364 9
73 406 6
73 666 8
73 776 6
73 895 1
73 982 10
74 15 4
74 496 8
74 635 5
74 658 3
74 720 3
75 35 7
75 151 10
75 193 3
75 259 7
76 121 3
76 450 7
76 638 10
77 179 5
77 389 3
77 481 4
77 507 10
77 516 8
77 828 2
77 955 5
78 52 7
78 80 7
78 107 6
78 261 9
78 276 8
78 346 8
78 464 1
78 965 5
79 11 5
79 116 2
79 523 1
79 725 2
79 734 10
79 789 10
79 954 1
80 121 3
80 195 10
80 486 2
80 515 2
80 736 2
80 738 3
80 794 10
81 176 2
81 416 5
81 505 5
82 112 7
82 280 9
82 906 10
83 155 7
83 461 10
83 545 8
83 669 5
84 91 1
84 92 7
84 296 7
84 327 5
84 440 9
84 788 5
84 852 1
85 27 3
85 293 10
85 593 10
85 692 8
85 786 1
85 880 9
85 927 2
86 192 2
86 286 1
86 652 1
86 893 6
87 68 4
87 130 1
87 533 5
87 603 8
87 901 4
87 904 2
88 211 9
88 500 4
88 652 4
88 728 1
88 756 9
89 349 9
89 647 7
90 595 3
92 127 10
92 214 2
92 476 4
93 158 1
93 465 5
93 839 3
94 160 8
94 167 4
94 253 9
94 424 8
94 619 8
94 860 7
94 865 2
95 71 1
95 441 6
95 773 4
95 844 5
95 888 4
95 944 5
96 5 7
96 74 10
96 239 6
96 415 6
96 456 1
96 626 6
96 772 9
96 791 1
97 171 5
98 44 6
98 203 4
98 232 2
98 354 4
98 413 9
98 582 9
98 714 6
98 889 6
99 10 6
99 243 4
99 950 1
100 8 5
100 227 9
100 276 8
100 458 9
100 600 9
100 732 3
100 856 6
100 858 5
101 440 2
101 576 8
101 644 3
101 800 10
101 948 2
102 194 9
102 253 3
102 274 1
102 508 8
102 591 2
102 654 1
102 683 5
102 731 10
103 231 7
103 469 5
103 511 1
103 678 2
104 23 6
104 126 2
104 153 8
104 377 3
104 480 10
104 574 8
104 638 3
104 787 7
104 957 4
104 992 8
105 39 7
105 118 10
105 179 2
105 324 9
105 467 10
105 691 8
105 735 7
105 768 9
105 868 7
106 88 8
106 189 4
107 34 3
107 120 2
107 515 1
107 935 6
108 41 2
108 439 8
108 659 3
109 184 2
109 563 1
109 971 4
109 982 10
110 45 9
110 401 7
110 663 2
110 772 6
110 831 3
110 913 5
110 953 2
111 499 1
111 938 2
112 27 4
112 327 7
112 386 2
112 538 9
112 603 4
112 674 9
112 710 6
112 922 2
113 220 4
113 510 9
113 629 7
114 93 1
114 684 2
114 857 9
115 205 10
115 233 9
115 778 1
116 89 6
116 290 1
116 366 9
116 367 6
116 783 8
116 838 3
117 93 5
117 118 1
117 274 2
117 493 8
117 644 7
117 669 10
117 841 8
118 150 8
118 505 4
118 601 4
118 723 3
118 993 4
119 569 1
119 684 3
119 719 3
119 840 7
119 975 4
120 603 6
120 705 9
120 880 5
120 905 10
121 239 2
121 406 9
121 452 1
121 465 10
121 528 8
121 553 8
121 664 2
121 878 1
121 901 7
121 952 3
121 961 3
122 290 7
122 358 1
122 543 4
122 769 10
123 49 6
123 261 7
123 347 7
123 986 4
124 23 4
124 225 6
124 343 6
124 398 5
124 533 2
124 762 5
124 782 3
125 33 4
125 133 8
125 216 3
125 530 9
125 627 7
125 708 2
125 909 7
125 947 8
126 114 9
126 130 9
126 399 1
126 431 7
126 693 3
126 746 5
126 876 4
127 40 1
127 479 6
128 18 1
128 331 8
128 374 9
128 385 10
128 402 3
128 850 8
128 851 8
129 65 10
129 130 5
129 147 10
129 256 9
129 426 3
129 794 7
130 247 8
130 306 1
130 608 7
130 681 5
131 113 2
131 320 9
131 348 2
131 597 1
132 707 10
132 795 8
133 107 2
133 170 3
133 485 3
133 496 6
133 781 10
134 75 5
134 193 9
134 644 1
134 759 8
134 930 7
135 170 10
135 594 3
136 98 3
136 434 5
136 447 2
136 450 7
136 592 5
136 949 2
137 82 10
137 169 9
137 178 3
137 201 2
137 413 7
137 416 9
137 490 7
137 496 9
137 816 3
138 121 9
138 413 7
138 448 6
138 570 4
138 684 10
138 865 10
138 933 3
139 76 6
139 185 1
139 376 8
139 964 6
139 975 2
140 38 10
140 148 8
140 269 8
140 333 5
140 427 5
140 697 10
140 709 9
140 887 7
140 932 1
141 337 10
141 352 5
141 391 3
141 431 4
141 623 2
141 787 7
141 842 9
141 913 7
142 670 8
142 721 5
142 960 9
143 164 1
143 616 1
144 224 6
144 259 6
144 345 9
144 468 1
144 474 5
144 591 2
145 134 10
145 177 4
145 216 4
145 226 5
145 414 9
145 460 3
146 111 9
146 305 7
146 470 8
146 477 10
146 693 6
146 836 3
147 347 5
147 351 1
147 533 8
147 658 7
148 146 9
148 533 7
148 785 7
148 944 10
149 12 3
149 15 9
149 88 7
149 226 5
149 588 1
149 593 2
149 750 1
149 802 8
149 825 3
150 582 10
150 730 6
150 957 7
151 186 1
151 404 5
151 541 3
151 554 10
151 758 8
151 990 6
152 300 3
152 435 6
152 614 4
152 667 9
152 818 5
152 943 10
153 208 9
153 514 1
153 767 6
153 846 3
154 70 10
154 392 8
154 683 8
154 802 1
154 955 5
155 96 10
155 173 10
155 180 9
155 426 1
155 885 5
156 251 1
156 327 6
156 701 8
156 703 6
156 854 4
156 910 3
156 970 8
156 994 7
157 86 4
157 338 2
157 345 9
157 439 10
158 205 3
158 407 6
158 825 2
159 100 9
159 196 9
159 298 1
159 310 1
159 896 5
159 963 3
160 22 2
160 265 10
160 496 8
160 606 3
160 893 5
160 914 4
160 958 7
161 133 8
161 144 8
161 285 3
161 310 6
161 462 1
161 680 9
162 175 4
162 404 4
162 719 8
162 784 4
162 829 5
162 875 8
163 144 4
163 214 2
163 428 7
163 489 10
163 575 6
163 705 3
163 870 2
163 952 9
164 284 5
164 293 4
164 493 8
164 497 2
164 643 6
164 704 10
164 891 1
166 466 10
166 474 9
167 15 4
167 156 8
167 248 4
167 277 6
167 413 2
167 930 4
167 954 6
167 984 10
168 100 7
168 148 6
168 574 7
168 770 6
168 870 7
168 962 10
169 937 1
170 246 4
170 446 5
170 746 2
170 771 10
171 183 1
171 322 6
171 552 10
171 676 1
171 723 6
172 50 8
172 204 6
172 221 2
172 245 9
172 269 6
172 290 3
173 165 6
173 354 8
173 403 1
173 564 5
173 689 3
173 716 8
173 894 5
174 115 1
174 146 3
174 509 10
174 774 9
174 818 7
174 913 6
175 130 1
175 420 7
175 458 9
175 597 9
175 910 8
176 260 5
176 349 10
176 586 9
176 697 5
176 751 3
176 901 10
176 942 4
176 958 5
176 985 1
177 336 4
177 345 9
177 363 7
177 566 7
177 725 10
178 147 4
178 543 2
178 990 8
179 115 3
179 175 5
179 419 9
179 685 4
180 156 8
180 704 4
181 68 1
181 176 10
181 275 10
181 295 5
181 504 3
181 909 7
182 21 1
182 203 1
182 550 5
182 630 3
182 771 2
183 250 5
183 297 8
183 451 8
183 835 1
184 161 10
184 218 6
184 382 1
184 406 7
184 806 6
185 78 7
185 493 2
185 640 4
185 703 5
186 232 2
186 694 5
186 797 5
187 676 5
187 763 1
187 880 2
188 238 6
188 273 10
188 424 5
188 656 10
188 771 2
188 843 2
189 120 8
189 176 3
189 259 6
189 664 5
189 785 7
189 964 8
190 61 7
190 353 5
190 620 1
190 703 1
190 921 1
191 66 5
191 431 6
191 463 10
191 569 8
191 668 10
192 394 6
192 600 6
193 27 10
193 100 9
193 523 10
193 605 9
193 892 6
194 383 6
194 830 8
195 133 8
195 167 10
195 214 10
195 504 10
196 392 5
196 608 5
196 842 3
196 879 10
197 486 1
197 510 10
197 591 9
197 971 3
198 114 9
198 270 2
198 324 4
198 999 10
199 161 4
199 252 5
199 355 1
199 478 4
199 479 8
199 764 6
199 900 1
200 497 9
200 520 2
200 651 2
200 667 8
200 712 3
201 19 8
201 190 3
201 451 10
201 474 6
201 565 6
201 850 1
202 91 5
202 102 4
202 249 8
202 437 7
203 266 2
203 302 10
203 978 10
204 989 6
205 226 1
205 367 8
205 481 1
205 677 8
205 977 7
206 18 4
206 160 2
206 195 4
206 292 5
206 652 8
206 982 6
207 94 8
207 597 4
207 822 1
207 849 1
208 342 8
208 361 7
208 392 2
208 613 6
208 755 6
208 817 7
209 81 2
209 129 10
209 195 4
210 62 7
210 506 3
210 962 9
211 48 10
211 131 8
211 433 3
211 644 9
211 665 6
212 28 9
212 489 10
212 667 5
212 875 8
212 938 4
212 964 7
212 965 10
213 234 10
213 236 10
213 291 10
213 612 8
213 823 10
213 847 5
214 72 8
214 363 1
214 531 9
214 782 1
214 790 9
214 852 6
215 119 5
215 127 6
215 165 3
215 496 8
215 524 1
215 586 1
216 34 6
216 131 4
216 215 8
216 423 4
216 685 7
216 707 7
216 748 7
216 781 9
216 792 9
216 811 8
216 822 9
217 38 8
217 295 10
217 419 3
217 516 8
217 670 5
217 873 7
218 75 8
218 347 4
218 356 8
218 558 10
218 605 6
219 104 5
219 378 10
219 510 6
219 668 5
219 722 4
219 840 2
219 867 1
219 926 2
220 118 1
220 373 9
220 386 5
220 500 3
220 836 1
221 433 5
221 531 7
221 536 5
221 911 6
221 988 8
222 29 6
222 65 1
222 408 3
222 465 6
222 481 5
222 766 1
222 923 3
222 937 6
223 156 3
223 201 8
223 365 3
223 425 3
223 789 5
223 853 9
224 123 3
224 426 6
224 752 7
225 3 7
225 171 7
225 491 2
225 565 2
225 789 9
225 890 8
226 83 1
226 185 1
226 276 1
226 322 9
226 347 3
226 531 1
226 566 4
226 976 10
227 586 5
227 601 1
227 685 10
227 968 4
227 981 2
227 988 7
228 42 10
228 191 9
228 483 9
228 518 4
229 136 6
229 141 10
229 606 8
229 689 2
229 969 4
230 99 1
230 152 2
230 463 1
230 833 2
231 154 7
231 457 6
231 648 7
231 698 4
232 53 7
232 152 5
232 490 9
232 568 3
232 700 5
232 830 4
232 988 6
233 998 1
234 314 9
235 563 1
236 32 9
236 206 1
236 264 10
236 607 5
236 945 10
237 17 5
237 34 2
237 154 2
237 691 7
237 963 8
238 37 4
238 140 5
238 153 1
238 237 3
238 432 7
238 765 2
238 799 5
238 802 1
239 40 4
239 385 7
239 428 10
239 611 1
239 766 10
239 897 5
240 71 9
240 81 10
240 381 3
240 760 2
241 281 9
241 314 8
241 503 9
241 562 7
241 674 1
241 889 9
242 7 5
242 188 10
242 373 5
242 795 7
243 60 9
243 160 1
243 365 4
243 423 2
243 776 9
243 824 2
243 950 5
244 138 8
244 245 2
244 561 6
244 685 2
244 885 10
244 910 5
244 992 5
245 53 10
245 77 1
245 85 4
245 101 3
245 317 2
245 326 3
245 509 5
245 537 7
245 681 5
245 833 7
245 838 8
245 899 8
246 192 5
246 849 7
247 206 7
247 219 9
247 306 2
247 384 9
247 989 10
248 170 4
248 214 2
248 309 1
248 381 2
248 480 2
249 106 2
249 657 10
249 747 1
250 334 10
251 265 7
251 279 4
251 736 4
251 757 9
252 85 1
252 116 8
252 122 4
252 123 10
252 240 9
252 268 10
252 441 4
252 522 8
252 564 10
252 974 6
253 42 1
253 69 6
253 904 4
253 975 4
254 212 8
254 338 5
254 726 2
254 794 8
254 816 1
254 994 8
255 338 1
255 368 7
255 440 6
255 672 1
255 988 1
256 169 4
256 333 6
256 377 1
256 731 4
257 433 4
257 537 5
257 638 9
257 785 5
258 429 8
258 453 10
259 13 9
259 377 6
259 493 4
259 609 1
259 963 5
260 633 7
260 970 4
261 84 6
261 188 1
261 413 7
261 418 1
261 768 4
262 399 8
262 805 8
262 949 10
263 252 6
263 361 2
263 413 2
263 423 7
263 577 10
263 863 2
263 951 6
264 40 3
264 615 5
265 68 3
265 241 5
265 441 2
265 573 2
265 652 1
265 673 2
265 677 8
265 725 10
265 737 4
265 871 6
266 204 5
266 383 7
266 510 2
267 101 1
267 106 6
267 235 10
267 271 7
267 754 8
267 869 6
267 947 10
267 970 9
268 413 5
268 897 2
269 67 1
269 278 1
269 595 4
269 844 3
269 907 9
270 78 1
270 257 9
270 599 2
270 613 10
270 951 6
271 651 1
272 55 6
272 413 2
272 624 1
272 630 10
272 656 10
272 657 9
272 666 7
273 77 7
273 323 8
273 982 1
274 321 8
274 373 9
274 417 7
274 746 7
274 919 8
275 286 9
275 491 1
275 564 6
275 720 4
275 853 8
276 35 5
276 52 6
276 79 1
276 302 5
276 368 1
276 444 10
276 526 7
276 634 9
276 949 8
277 185 2
277 230 6
278 35 10
278 214 2
278 272 3
278 291 10
278 440 3
278 709 2
278 794 7
278 929 10
279 13 3
279 512 4
279 563 2
279 641 1
279 723 5
280 192 4
280 283 9
280 693 2
281 308 1
281 460 5
281 631 5
281 752 2
281 786 7
282 93 5
282 287 3
282 636 2
282 830 3
282 916 7
282 955 8
282 973 7
283 564 10
283 729 6
283 815 2
283 879 4
283 896 5
283 957 7
284 30 2
284 217 9
284 266 6
284 344 7
284 508 3
284 585 10
285 547 1
285 565 2
285 783 9
285 809 7
286 89 4
286 195 9
286 436 9
287 167 6
288 114 3
288 310 3
288 375 3
288 500 4
288 774 4
288 900 1
288 904 4
288 923 2
289 267 8
289 515 6
290 132 7
290 154 2
290 742 10
290 778 9
290 953 9
291 60 2
291 176 9
291 561 6
291 735 7
291 745 9
291 773 2
291 807 9
292 98 1
292 264 9
292 555 7
292 764 8
292 933 6
293 502 4
293 570 2
293 588 9
293 665 6
293 725 5
293 838 7
294 401 8
294 566 4
294 648 10
294 672 6
295 552 9
295 554 5
295 662 6
295 756 3
295 907 6
295 959 10
296 188 4
296 213 1
296 432 10
296 654 1
296 686 3
296 724 9
297 2 10
297 135 3
297 214 4
297 246 9
298 9 8
298 45 10
298 385 4
298 483 2
298 505 3
298 874 4
298 993 10
299 13 3
299 106 4
299 214 5
299 236 2
299 594 6
299 618 8
299 740 6
299 910 6
300 100 3
300 374 2
300 530 10
301 54 4
301 88 3
301 90 3
301 135 1
301 565 9
301 581 6
301 645 3
302 160 1
302 234 6
302 261 8
302 447 3
302 663 8
302 769 9
302 902 8
303 79 4
303 186 5
303 261 6
303 496 3
303 528 2
303 621 9
303 775 1
303 853 2
304 18 4
304 41 4
304 290 9
304 387 6
304 477 7
304 657 5
304 723 5
305 59 1
305 557 4
305 605 5
305 613 3
306 257 2
306 316 3
306 850 10
307 176 3
307 234 7
307 430 7
308 253 2
308 389 1
308 451 8
308 630 2
308 755 5
308 857 8
308 889 4
308 910 4
309 56 3
309 289 1
309 502 1
309 523 7
309 679 7
310 74 10
310 269 1
310 421 7
310 621 4
310 650 1
310 685 5
310 696 1
310 701 5
310 911 7
311 83 5
311 223 8
311 309 10
311 490 1
311 580 9
311 631 3
311 642 10
311 739 1
311 884 10
312 93 8
312 419 6
312 478 8
312 675 2
312 846 10
312 999 7
313 33 10
313 144 2
313 186 9
313 332 7
313 343 10
313 436 5
313 868 10
313 869 4
313 891 6
314 324 3
314 576 2
314 773 6
314 779 2
314 833 2
314 974 1
315 211 5
315 371 6
315 517 9
315 527 1
316 554 4
316 687 3
317 988 9
318 80 2
318 430 6
318 549 9
318 698 3
318 908 6
319 576 10
319 650 9
319 894 4
320 189 10
320 222 10
320 651 5
320 922 8
320 984 4
321 299 3
321 508 7
321 726 7
321 884 8
322 106 10
322 123 8
322 228 9
322 277 8
322 586 1
322 914 10
323 259 4
323 310 7
323 918 4
323 952 8
323 958 9
323 961 2
324 140 10
324 627 9
325 215 7
325 317 8
325 353 6
325 737 9
325 790 1
325 819 7
326 516 2
326 824 5
327 577 8
327 822 3
327 935 6
328 31 4
328 459 3
328 831 10
329 33 6
329 174 4
329 655 8
329 698 3
329 947 2
330 48 1
330 96 5
330 212 10
330 954 8
331 489 5
331 569 4
331 589 6
331 623 5
331 664 5
331 767 2
331 924 1
331 928 10
331 937 1
332 284 1
332 851 8
332 883 8
333 501 9
334 138 8
334 646 9
335 243 7
335 361 2
335 676 10
335 680 8
335 766 7
335 885 3
335 985 2
336 173 7
336 216 10
336 366 2
336 735 9
336 957 4
337 185 7
337 200 1
337 585 7
337 684 8
337 686 4
337 832 5
338 328 4
338 352 1
338 382 8
338 570 5
338 796 9
338 825 5
338 831 8
339 52 3
339 213 3
339 479 8
339 818 2
339 948 10
340 49 8
340 50 9
340 55 10
340 204 2
340 216 7
340 766 3
340 784 4
340 967 4
341 46 8
341 699 8
341 749 1
341 764 3
341 835 7
342 78 4
342 540 2
342 773 9
343 175 6
343 195 8
343 245 7
343 319 8
343 487 8
343 568 4
343 721 1
343 908 6
344 204 8
344 745 5
344 924 10
345 410 5
345 950 4
346 105 6
346 134 1
346 185 5
346 508 4
346 578 5
346 831 3
347 73 4
347 110 9
347 318 6
347 343 2
347 999 1
348 31 5
348 63 4
348 104 7
348 303 8
348 766 10
348 781 8
348 978 8
349 87 3
349 115 1
349 181 6
349 375 4
349 383 8
349 389 9
349 925 1
349 996 2
350 309 5
350 456 5
350 515 7
350 635 7
350 748 9
350 870 2
351 22 4
351 200 1
351 294 9
351 331 10
351 381 1
351 454 1
351 595 5
351 761 5
351 881 9
351 999 6
352 44 6
352 89 4
352 191 9
352 403 8
352 519 8
352 587 5
352 684 2
352 863 10
352 987 4
353 115 10
353 372 8
353 431 4
353 456 8
353 961 5
353 999 9
354 90 4
354 148 6
354 253 7
354 475 5
354 714 6
354 925 8
355 98 8
355 555 3
355 979 5
356 29 8
356 174 5
356 272 4
356 636 8
357 51 1
357 122 2
357 580 7
357 687 6
357 870 10
357 922 2
357 963 8
357 967 1
358 5 6
358 220 5
358 506 8
358 798 10
358 952 2
359 83 3
359 487 4
359 932 3
360 48 7
360 203 5
360 277 4
360 346 10
360 884 7
361 283 8
361 319 3
361 403 7
361 411 7
361 655 6
361 698 3
362 148 2
362 293 3
362 438 9
362 443 8
363 30 1
363 211 8
363 253 5
363 297 2
363 825 7
363 937 9
363 999 9
364 309 1
365 375 3
365 618 4
365 630 6
365 835 1
365 856 10
365 978 7
366 142 7
366 310 2
366 432 1
366 462 6
366 559 8
366 802 5
366 878 6
366 895 6
367 29 9
367 182 7
367 791 2
367 927 1
368 141 10
368 234 10
368 634 6
368 694 4
368 696 2
369 6 2
369 58 9
369 595 2
370 123 4
370 295 2
370 315 9
370 332 2
370 336 4
370 361 5
370 895 7
371 132 10
371 520 8
371 990 8
372 112 9
372 283 6
372 578 1
372 609 4
372 933 10
373 126 2
373 368 8
373 652 8
373 942 6
374 489 1
374 538 5
374 593 2
374 672 7
375 155 5
375 177 4
375 374 10
375 449 10
375 516 1
375 527 7
375 553 6
375 740 2
375 999 3
376 24 4
376 268 7
376 817 2
376 875 9
376 968 8
377 216 7
377 368 1
377 490 7
377 755 2
377 786 4
377 796 2
377 828 8
378 154 8
378 272 5
378 356 7
378 681 6
378 992 4
379 153 9
379 216 3
379 491 8
380 385 5
380 559 5
380 672 7
380 859 3
380 926 3
381 75 8
381 861 2
382 333 6
382 627 1
382 639 7
382 778 10
382 785 5
382 788 2
382 851 5
383 92 6
383 611 4
383 753 6
384 42 4
384 138 4
384 453 3
384 501 10
384 624 7
384 774 7
384 808 5
384 947 3
385 384 8
385 738 10
385 986 9
386 44 7
386 156 2
386 331 2
386 534 10
386 535 9
386 623 10
386 716 9
387 8 9
387 722 7
388 96 8
388 305 10
389 497 4
389 849 9
390 3 2
390 42 6
390 364 2
390 542 6
390 582 4
390 775 10
390 878 4
391 9 10
391 279 2
391 388 9
391 760 4
392 449 3
392 986 4
393 13 7
393 125 3
393 766 2
393 860 1
393 885 3
393 909 5
393 940 3
394 153 7
394 452 8
394 521 6
394 556 6
394 598 9
394 661 7
394 882 9
394 904 8
394 958 2
395 52 1
395 65 5
395 551 8
395 606 10
395 824 5
395 856 4
396 43 10
396 108 8
396 263 7
396 315 7
396 341 5
396 559 1
396 674 7
397 236 5
397 428 8
397 573 2
397 742 10
397 825 10
397 848 8
397 990 2
398 16 3
398 117 5
398 284 9
398 775 2
399 268 7
399 270 5
399 300 9
399 833 3
400 7 6
400 60 8
400 156 9
400 287 3
400 463 1
400 539 8
400 691 9
400 732 3
401 46 10
401 715 5
401 815 2
401 929 6
402 54 8
402 252 3
402 267 8
402 414 1
402 669 2
402 787 8
402 837 7
403 10 8
404 243 1
404 314 3
404 345 4
404 451 4
404 511 3
404 854 5
404 927 4
405 24 9
405 237 9
405 670 3
406 16 6
406 76 10
406 600 5
406 788 6
407 141 4
407 173 3
407 517 10
407 567 8
407 683 2
407 692 4
407 716 7
408 268 5
408 536 7
408 686 6
408 723 4
409 416 9
409 536 3
409 910 1
410 14 8
410 381 5
410 442 3
410 449 6
410 493 2
410 893 3
411 157 3
411 194 7
411 481 6
412 115 6
412 457 6
412 727 9
412 738 8
412 859 8
413 49 6
413 205 1
413 238 6
413 280 1
413 543 7
413 924 3
414 190 10
414 359 7
414 494 10
414 703 10
414 730 1
415 82 1
415 435 3
415 474 10
415 514 3
415 555 9
415 604 3
415 617 7
415 690 5
415 694 6
417 359 7
417 523 9
417 590 10
417 622 4
417 753 2
417 842 3
417 863 1
418 427 7
418 829 1
418 846 10
418 884 5
418 917 8
419 218 9
419 302 8
419 448 9
419 624 4
419 846 6
420 181 10
420 201 5
420 540 9
420 742 9
420 777 8
421 36 10
421 170 1
422 125 5
422 574 9
422 666 3
422 722 9
422 783 9
422 922 10
422 993 2
423 117 6
423 128 1
423 275 5
423 498 9
423 520 6
423 727 4
423 778 1
424 52 1
424 213 8
424 525 6
424 649 1
425 528 4
425 783 9
425 893 1
426 79 1
426 170 3
426 221 1
426 394 9
426 474 8
426 879 6
426 892 9
426 996 8
427 121 3
427 260 3
427 485 5
427 634 5
427 807 10
427 859 10
428 292 5
428 392 7
428 643 8
428 760 4
428 775 7
429 174 6
429 815 3
429 927 10
430 396 5
430 435 1
431 21 9
431 349 7
431 634 10
431 657 6
431 664 10
431 760 10
431 817 6
431 848 10
432 151 10
432 170 8
432 275 8
432 324 10
432 337 4
432 410 4
432 617 5
432 782 5
432 786 9
432 944 10
432 986 8
433 203 3
434 227 1
434 345 1
434 421 6
434 627 6
434 713 4
435 326 8
435 578 1
435 585 7
435 704 2
435 885 8
435 970 8
436 98 1
436 120 6
436 544 10
436 589 1
436 906 7
437 162 8
437 386 1
438 235 5
438 237 6
438 449 7
438 592 6
438 868 1
440 545 3
441 227 9
441 311 3
441 331 7
441 434 1
441 647 4
442 2 7
442 650 2
442 842 8
443 444 10
443 622 10
443 730 7
443 814 10
444 195 10
445 457 3
445 489 3
445 572 10
445 874 6
446 123 2
446 183 8
446 473 7
447 183 2
447 244 2
447 249 6
447 310 1
447 445 4
447 847 7
447 892 7
447 929 1
447 947 6
448 238 2
448 281 10
448 829 5
448 898 7
449 15 3
449 72 2
449 353 6
449 531 10
449 555 7
450 414 3
450 504 5
450 750 7
450 822 7
451 365 9
451 631 10
451 699 7
451 736 2
452 80 6
452 209 3
452 248 9
452 272 3
452 444 3
452 521 1
452 808 7
452 911 4
453 41 3
453 344 7
453 397 8
453 603 7
453 832 6
454 365 5
454 548 7
454 567 5
454 668 1
454 801 8
454 933 4
455 57 8
455 186 7
455 238 4
455 326 6
455 370 10
455 383 3
456 527 9
456 537 3
457 64 2
457 439 3
457 677 3
459 86 8
459 550 6
459 700 1
459 830 8
459 930 2
459 949 2
460 93 5
460 528 6
460 575 9
460 701 9
460 717 2
460 808 8
460 849 4
460 932 1
460 946 2
461 245 9
461 378 10
461 566 3
461 800 6
462 2 2
462 902 4
463 440 5
463 650 7
463 698 9
463 780 4
464 174 3
464 651 6
464 818 9
464 940 2
465 85 10
465 167 4
465 308 10
465 460 9
465 512 9
465 987 6
466 96 1
466 197 3
466 654 7
466 777 1
466 840 1
467 53 2
467 100 7
467 127 2
467 222 8
468 540 5
468 600 5
469 198 7
469 513 10
469 524 6
469 817 3
469 904 5
470 342 1
470 353 4
470 412 6
470 859 8
471 84 5
471 96 9
471 227 6
471 432 2
471 517 9
471 625 7
471 797 10
471 848 7
471 931 7
471 984 4
472 157 4
472 240 3
472 468 1
472 550 3
472 692 3
472 767 9
473 6 2
473 241 2
473 256 9
473 512 9
473 592 9
473 712 3
473 823 9
473 880 7
473 917 6
474 116 7
474 256 3
474 430 10
474 464 8
474 630 8
474 954 4
475 102 6
475 280 10
475 401 1
475 540 6
475 814 10
475 881 10
475 992 8
476 48 5
476 486 2
476 631 9
476 694 9
477 110 3
477 579 10
477 655 3
477 689 6
477 693 7
477 922 6
478 165 1
478 357 9
479 758 6
479 947 2
480 22 3
480 180 3
480 761 9
480 893 1
481 353 4
481 388 10
481 420 8
481 796 10
481 858 8
482 15 4
482 206 2
482 532 7
483 23 9
483 398 8
483 895 7
484 281 7
484 659 1
484 970 9
485 254 10
485 334 10
485 576 6
485 700 2
486 4 5
486 98 5
486 129 4
486 670 9
487 166 2
487 252 7
487 272 5
487 354 1
487 358 4
487 370 6
487 911 3
488 116 5
488 128 1
488 196 7
488 209 3
488 328 6
488 458 5
488 470 5
488 718 5
488 926 6
489 393 7
489 402 4
489 681 4
489 843 9
490 61 4
490 173 2
490 564 9
490 735 3
490 916 9
491 53 3
491 59 2
491 201 6
491 441 4
491 580 2
491 601 9
491 841 4
491 985 2
492 62 1
492 262 9
492 442 6
492 659 3
492 667 2
492 866 7
493 160 7
493 179 8
493 420 2
493 970 9
494 309 2
494 573 1
495 24 3
495 118 1
495 292 8
496 39 5
496 207 7
496 625 5
496 653 2
496 736 6
496 799 5
496 853 1
497 3 9
497 44 10
497 182 6
497 203 5
497 276 10
497 505 10
497 567 2
497 611 4
497 824 10
497 874 8
497 931 1
498 91 9
498 171 3
498 272 3
498 652 6
498 667 3
499 34 1
499 123 10
499 436 8
499 863 3
499 972 1
500 20 7
500 651 5
500 727 9
500 840 10
500 849 8
501 22 9
501 103 7
501 290 10
501 337 10
501 601 7
501 698 9
502 215 6
502 530 7
502 553 8
502 697 1
502 739 6
502 787 3
502 859 9
502 918 5
502 920 4
503 428 7
503 873 4
503 974 10
504 329 3
504 421 8
504 578 10
504 700 5
504 915 6
505 806 2
506 106 7
506 218 4
506 525 7
506 544 10
506 890 5
507 92 10
507 340 7
507 401 8
507 494 10
507 582 1
507 896 7
508 24 10
508 82 9
508 731 1
508 851 5
508 948 8
509 450 2
509 663 9
510 33 1
510 137 1
510 145 1
510 333 1
510 638 10
510 745 9
510 763 8
510 814 4
510 892 10
511 16 8
511 117 3
511 617 4
511 711 1
511 792 8
512 79 4
512 399 5
512 454 9
512 551 4
512 598 7
512 805 9
513 97 8
513 511 5
513 811 4
514 4 1
514 24 9
514 338 2
514 429 9
514 703 4
514 711 5
515 28 1
515 162 4
515 180 1
515 222 5
515 500 2
515 587 10
515 590 5
515 640 2
515 718 2
516 8 7
516 153 9
516 329 9
516 582 1
516 992 6
517 321 4
517 608 6
517 669 5
517 875 9
518 426 10
518 467 9
518 487 6
518 594 9
518 883 8
518 910 1
518 990 2
519 117 9
519 290 2
519 311 1
519 363 4
519 422 1
519 670 2
519 888 9
520 282 9
520 417 3
520 579 1
520 751 3
520 876 3
521 26 10
521 149 1
521 421 3
521 742 1
522 122 8
522 213 2
522 413 7
522 763 2
522 869 9
523 111 8
523 120 5
523 274 4
523 536 4
524 141 7
524 153 9
524 178 4
524 633 7
524 822 2
524 918 4
524 953 3
525 238 2
525 249 6
525 390 7
525 757 4
526 143 9
526 166 8
526 229 8
527 281 4
527 374 1
527 838 5
527 979 4
528 27 10
528 280 2
528 533 9
528 648 8
528 776 9
528 948 3
529 432 10
529 503 10
529 699 1
530 29 3
530 115 10
530 539 6
530 552 6
530 842 3
531 53 4
531 55 8
531 59 6
531 428 2
531 579 10
531 607 10
531 647 3
532 143 8
532 194 9
532 728 4
532 793 9
532 924 8
532 947 10
533 80 1
533 204 1
533 205 2
533 318 10
533 366 2
533 383 1
533 582 9
534 24 3
534 264 8
534 336 9
534 348 7
534 762 3
534 889 6
534 946 4
535 202 6
535 839 1
535 896 5
536 43 5
536 196 6
536 226 6
536 633 9
536 765 5
537 153 9
537 247 10
537 667 9
537 721 7
538 46 7
538 276 6
538 999 3
539 168 7
539 242 1
539 394 3
539 871 1
539 885 3
540 91 2
540 141 7
540 194 1
540 280 2
540 380 10
540 592 6
540 716 10
540 810 9
540 890 4
540 909 2
540 963 4
540 973 7
541 152 3
541 172 2
541 627 1
541 835 10
541 966 10
542 127 5
542 266 7
542 299 9
542 913 5
543 248 1
543 828 10
543 888 8
543 978 9
543 990 4
544 135 3
544 142 1
544 357 7
544 556 1
544 929 7
544 974 7
545 177 6
545 394 1
545 439 8
545 730 3
545 910 8
546 439 1
546 557 9
546 678 9
547 68 1
547 184 6
547 351 8
547 502 9
547 710 10
548 347 6
548 867 3
549 284 5
549 741 9
549 902 4
550 279 4
550 343 7
550 559 5
550 639 5
550 818 2
550 973 8
551 244 9
551 413 1
551 439 2
551 555 1
551 738 8
551 876 9
551 902 4
552 425 1
552 461 7
552 578 5
552 943 10
553 104 3
553 122 4
553 520 2
553 772 8
553 913 1
553 915 1
554 12 1
554 236 3
554 304 4
554 614 5
554 756 7
554 925 5
554 979 10
555 222 5
555 410 10
555 532 1
555 550 9
555 617 7
555 665 5
555 887 5
556 53 5
556 62 7
556 393 8
556 636 3
556 673 5
557 335 2
557 823 10
558 89 6
558 230 7
558 267 6
558 863 1
559 751 9
560 21 8
560 471 9
560 850 3
561 43 2
561 53 5
561 261 6
561 580 4
561 602 3
561 870 7
562 65 1
562 114 10
562 585 6
562 736 7
562 880 4
562 965 5
563 169 5
563 194 8
563 343 10
563 430 4
563 487 7
563 519 8
563 818 4
564 74 3
564 310 4
564 340 5
564 604 6
565 51 1
565 119 7
565 124 5
565 882 1
565 962 9
565 967 3
566 663 10
566 744 8
566 919 3
566 999 6
567 30 8
567 339 9
567 431 5
567 466 4
567 569 3
568 1 9
568 304 9
568 434 4
568 496 10
568 893 7
568 923 4
569 269 7
569 625 10
569 631 10
570 444 10
570 813 6
570 819 8
570 828 8
571 321 2
571 531 4
571 534 6
571 752 3
571 933 7
572 60 8
572 136 4
572 159 4
572 209 10
572 330 9
572 534 3
572 890 3
572 918 2
572 980 4
573 256 2
573 327 2
573 360 1
573 544 8
573 670 1
573 736 3
574 684 5
574 939 2
575 61 6
575 161 4
575 363 3
576 102 4
576 710 4
576 822 3
577 149 9
577 239 1
577 374 4
577 553 6
577 668 6
577 707 3
577 986 1
578 297 6
578 541 2
578 555 10
578 815 9
578 990 8
579 80 2
579 130 7
579 149 4
579 374 8
579 375 1
579 391 7
579 428 5
579 435 8
579 554 2
580 191 8
580 598 7
581 420 9
581 600 7
582 307 8
582 409 6
582 470 10
582 618 9
582 636 4
583 277 4
583 339 5
583 398 4
583 988 7
584 122 7
584 579 1
584 815 3
584 850 10
585 374 6
585 622 7
585 633 1
585 643 8
585 869 8
585 970 5
586 7 3
586 89 9
586 216 7
586 742 4
586 859 5
586 876 2
587 312 4
587 315 10
587 439 7
587 559 6
588 178 8
588 190 3
588 472 2
588 726 5
589 68 10
589 306 7
589 380 5
589 507 7
589 856 4
590 77 10
590 304 8
590 444 4
590 585 9
590 676 3
590 718 10
590 814 2
590 942 4
591 325 7
591 658 1
592 3 9
592 78 10
592 224 4
592 391 1
593 121 7
594 240 4
594 256 6
594 548 2
594 585 2
594 882 8
595 116 2
595 186 5
595 199 6
595 510 2
595 754 2
595 828 7
595 870 3
596 426 3
596 877 9
597 206 7
597 727 7
597 835 6
597 927 5
598 242 4
598 440 2
598 836 4
599 360 6
599 405 6
599 643 5
599 761 7
599 998 2
600 139 2
600 159 2
600 364 7
600 604 4
600 616 1
600 660 4
600 889 2
601 72 8
601 134 6
601 196 4
601 274 10
601 371 10
601 681 5
601 830 10
601 833 5
602 481 9
602 619 8
603 27 5
603 308 2
603 697 1
603 802 8
604 71 7
604 197 5
604 512 4
604 820 6
604 962 1
605 349 5
605 699 9
605 841 10
605 907 4
606 37 1
606 129 5
606 612 6
606 892 8
606 944 2
607 219 10
607 286 6
607 366 1
607 483 6
607 508 2
607 525 9
607 687 3
608 269 4
608 940 9
609 174 7
609 909 1
610 47 3
610 626 8
611 148 10
611 292 10
611 542 10
611 604 8
611 757 4
611 983 6
612 1 3
612 609 8
613 201 1
613 941 3
614 591 2
614 668 9
614 820 10
615 123 5
615 173 8
615 318 1
615 331 9
615 954 5
616 99 9
616 310 5
616 331 4
616 533 5
616 628 6
616 642 1
616 672 8
616 688 4
616 732 10
616 872 2
616 913 6
616 958 1
617 74 2
617 86 1
617 447 10
617 906 1
618 73 3
618 292 9
618 447 4
618 939 5
619 191 6
619 521 6
619 577 3
619 668 6
619 703 1
620 253 2
620 403 4
620 430 10
620 457 1
620 500 5
620 529 4
620 951 5
620 954 8
621 124 8
621 182 1
621 378 6
621 471 6
621 709 8
621 865 3
622 342 6
622 570 4
622 634 6
622 867 6
622 869 8
623 55 5
623 330 6
623 665 6
624 18 4
624 47 2
624 73 4
624 127 5
624 415 1
624 567 3
624 914 1
625 321 2
625 364 10
625 368 10
625 415 2
625 465 1
625 999 5
626 177 9
626 538 2
626 898 5
627 72 1
627 91 1
627 410 7
627 930 3
627 999 9
628 349 7
628 399 6
628 589 7
628 849 6
628 866 7
628 973 8
629 29 7
629 42 7
629 95 10
629 522 7
629 731 9
630 103 6
630 255 8
630 428 2
631 43 1
631 178 6
631 329 7
631 423 9
631 518 6
631 765 1
631 814 10
632 295 4
633 92 1
633 200 3
633 548 6
633 566 9
633 636 2
633 947 9
633 999 9
634 347 1
634 370 1
634 404 6
634 589 8
634 685 9
634 949 7
635 72 8
635 207 8
635 302 4
635 574 1
635 870 10
636 217 4
636 562 4
636 744 2
637 7 4
637 260 4
637 313 9
637 747 9
637 857 10
638 714 3
638 872 9
639 76 5
639 254 8
639 494 5
639 737 2
639 781 5
639 955 10
640 65 7
640 118 10
640 158 4
640 480 7
640 607 8
640 627 9
640 996 7
641 91 6
641 690 8
642 589 5
642 605 2
642 909 4
642 985 1
643 226 2
643 228 5
643 293 8
643 330 4
643 613 4
643 623 3
643 625 4
644 3 8
644 180 9
644 313 7
644 400 2
644 613 5
644 691 3
644 810 5
644 960 7
645 210 10
645 722 6
645 803 4
646 294 7
646 613 10
646 717 6
646 721 1
646 770 3
647 131 3
647 634 10
647 654 7
647 956 6
648 418 10
648 548 10
648 979 9
649 83 1
649 163 3
649 518 2
649 798 7
650 324 8
650 605 9
650 687 10
650 955 6
651 326 10
651 367 7
651 734 10
651 834 9
651 861 5
652 452 3
652 480 8
652 978 2
653 165 1
653 201 8
653 276 9
653 455 2
653 531 7
654 367 4
654 380 7
654 419 9
654 481 7
654 554 3
654 903 2
654 947 9
655 174 5
655 183 7
655 189 6
655 290 2
655 369 2
655 516 6
655 724 10
656 45 7
656 426 3
656 559 6
656 583 3
656 687 9
656 699 9
656 734 1
657 4 2
657 386 5
657 464 3
658 245 3
658 439 3
658 777 3
658 865 2
659 300 3
659 367 10
659 428 2
659 777 9
659 928 7
660 68 5
660 349 2
660 485 8
660 788 8
661 239 8
661 369 3
661 761 10
662 69 10
662 551 4
663 296 8
663 503 8
663 537 5
663 677 10
663 697 2
664 82 9
664 615 5
664 974 8
665 40 1
665 185 1
665 686 5
665 900 10
666 34 5
666 248 5
666 259 9
666 271 6
666 308 3
666 470 5
666 518 1
666 585 10
666 639 8
666 661 6
666 811 7
666 980 7
667 827 9
668 175 3
668 513 8
668 607 6
668 957 5
669 15 9
669 196 2
669 532 8
669 733 4
669 744 8
669 780 1
669 804 8
669 941 1
670 53 8
670 99 2
670 501 7
670 576 7
670 850 8
671 410 10
671 440 10
671 996 6
672 139 1
672 790 1
672 957 10
673 499 9
673 855 6
674 559 2
674 825 7
675 95 3
675 264 1
675 532 6
675 704 6
676 450 6
676 633 8
676 682 8
676 918 10
677 2 2
677 142 8
677 226 2
677 529 1
677 956 5
677 998 4
678 233 1
678 350 1
678 522 7
678 568 1
678 583 7
678 712 10
678 898 2
679 198 9
679 342 10
679 689 2
679 726 6
680 555 9
680 639 4
681 5 3
681 349 10
681 450 7
681 455 1
681 693 8
681 904 5
682 350 2
682 616 6
682 674 2
682 775 5
682 811 10
683 60 9
683 252 10
683 402 10
683 975 10
684 56 4
684 172 7
684 282 5
684 509 3
685 3 2
685 35 10
685 99 9
685 728 8
686 325 3
686 529 6
686 745 6
687 113 5
687 676 3
687 700 1
687 947 4
688 62 2
688 65 7
688 114 6
688 545 6
688 806 4
689 286 2
689 412 2
690 56 4
690 532 4
690 758 3
690 860 8
691 663 2
691 762 1
691 902 2
691 994 1
692 894 2
693 439 9
693 665 2
694 90 8
694 156 10
694 355 6
694 507 1
694 782 3
694 912 5
695 13 1
695 360 3
695 365 8
695 408 3
695 661 2
695 688 2
695 777 10
695 861 3
695 868 3
696 292 2
696 362 7
696 613 7
696 635 1
696 934 9
697 500 6
697 740 7
697 888 7
697 889 4
698 181 7
698 332 2
698 771 2
699 122 5
699 494 9
700 120 10
700 143 6
700 421 3
700 426 9
700 544 9
700 571 7
700 689 3
701 319 1
701 740 3
701 856 3
702 506 3
702 882 8
703 30 9
703 184 2
703 374 4
703 678 9
703 776 5
704 81 7
704 222 4
704 338 9
704 911 10
705 180 1
705 324 2
705 402 4
705 411 1
705 613 7
705 738 1
705 762 1
705 912 1
706 299 9
706 379 3
706 449 5
706 546 6
706 748 5
706 821 1
706 848 4
706 875 5
707 168 4
707 281 2
707 361 9
707 775 6
707 782 7
708 702 5
709 584 4
709 662 4
710 20 5
710 88 5
710 513 10
710 723 6
711 42 4
711 248 10
711 422 7
711 432 4
711 853 6
711 970 3
712 130 7
712 449 2
712 478 6
712 656 3
712 854 1
712 893 2
713 165 6
713 576 2
713 979 7
714 209 6
714 239 4
714 642 7
714 780 3
715 627 6
715 694 7
715 823 6
715 867 8
715 899 4
716 388 5
716 808 3
716 980 8
717 50 8
717 250 10
717 252 7
717 283 5
717 355 9
717 637 5
717 716 3
717 847 1
718 240 9
718 544 7
718 644 10
718 991 5
719 44 4
719 67 9
719 570 1
719 823 7
719 885 6
719 993 10
720 100 10
720 743 3
720 878 9
721 14 5
721 563 4
721 597 10
721 722 10
721 731 8
722 267 7
722 481 9
722 663 2
722 791 7
722 878 5
723 37 6
723 166 1
723 445 5
723 613 7
724 446 10
724 469 10
724 667 8
724 921 8
724 934 7
725 225 8
725 408 5
725 456 2
725 777 5
725 860 7
725 873 2
725 941 4
726 199 9
726 236 3
726 258 4
726 949 1
727 16 2
727 646 2
727 776 10
727 936 3
727 975 3
728 17 9
728 57 9
729 189 2
729 544 5
729 606 3
729 937 1
730 37 2
730 70 6
730 185 6
730 253 6
730 400 7
730 525 8
730 592 10
730 689 8
730 822 2
730 897 8
731 168 8
731 179 4
731 190 10
731 481 2
731 657 8
731 770 3
731 785 9
731 805 7
731 946 2
732 228 8
732 302 4
732 802 2
733 227 3
733 325 9
733 406 4
733 666 8
733 880 1
733 883 4
733 939 3
734 433 7
734 628 6
735 422 6
735 441 4
735 595 3
735 816 9
735 964 3
736 81 9
736 129 8
736 259 5
736 642 5
736 650 8
737 484 6
737 618 6
737 894 8
738 82 4
738 100 7
738 775 4
739 522 6
739 610 6
739 910 2
739 933 10
739 952 6
740 236 2
740 621 7
740 681 9
740 776 1
740 998 2
741 10 1
741 169 2
741 996 2
742 83 10
742 103 10
743 22 6
743 188 4
743 384 5
743 614 10
743 798 7
743 892 10
744 93 6
744 186 10
744 505 6
744 598 6
744 875 5
745 7 9
745 150 3
745 289 6
745 417 8
745 545 7
745 575 2
746 296 1
746 429 4
747 351 2
747 498 3
747 509 10
747 693 1
747 699 9
748 23 3
748 448 5
748 628 10
748 757 2
749 26 3
749 634 10
749 888 4
750 28 1
750 40 2
750 242 9
750 332 9
750 367 8
750 530 7
750 841 8
750 942 10
751 298 1
751 368 1
751 535 9
751 726 10
751 730 9
751 955 2
752 607 5
752 730 6
752 895 2
752 913 4
753 125 4
753 645 9
753 784 10
754 165 4
754 491 5
754 515 8
754 523 4
754 924 5
754 981 7
755 254 8
755 358 10
755 797 10
755 829 4
756 8 4
756 38 10
756 106 9
756 489 5
757 198 5
757 365 3
757 528 10
757 735 8
757 863 5
757 997 9
758 376 3
758 675 4
758 763 4
758 976 1
759 483 3
759 713 10
759 963 2
759 972 4
760 4 9
760 16 2
760 193 6
760 387 6
760 443 8
760 481 8
760 512 7
760 657 9
761 134 6
761 407 2
761 665 7
761 703 6
761 899 6
762 78 8
762 225 7
762 356 6
762 745 7
762 784 6
762 961 3
763 254 4
763 595 7
763 879 6
763 926 3
763 946 9
764 87 2
764 116 5
764 256 1
764 327 3
764 735 3
764 985 2
765 112 9
766 19 10
766 357 4
766 388 5
766 411 3
767 70 4
767 232 10
767 517 1
767 677 10
767 726 3
767 735 5
767 989 4
768 228 6
768 239 2
768 275 9
768 428 10
768 656 2
769 144 6
769 314 5
769 399 10
769 435 5
769 967 6
770 68 4
770 87 8
770 165 10
770 285 10
770 310 7
770 355 1
770 371 5
770 401 2
770 542 2
770 647 5
770 795 8
770 812 8
771 392 3
771 475 8
771 609 3
771 638 4
771 783 9
772 603 5
772 963 3
773 466 3
773 527 7
773 656 2
774 161 7
774 266 1
774 503 4
774 906 1
775 344 10
775 837 3
776 306 8
776 415 5
776 723 6
777 39 5
777 724 2
777 775 10
777 797 2
778 62 6
778 65 7
778 355 6
778 388 10
778 627 5
778 818 8
779 58 6
779 460 8
779 547 2
779 714 3
779 738 3
779 836 7
779 906 8
779 999 6
780 86 2
780 243 2
780 270 6
780 912 2
781 153 1
781 261 9
781 488 8
781 572 10
781 742 3
781 783 2
782 42 2
782 453 3
782 656 5
782 880 1
783 403 10
783 462 3
783 464 2
783 704 5
784 585 2
785 119 1
785 166 6
785 329 6
785 680 4
786 106 7
786 411 5
786 792 4
786 807 6
786 813 6
786 820 5
786 883 9
787 8 7
787 292 2
787 508 10
787 564 3
787 627 8
787 687 6
788 339 3
789 479 7
789 485 5
789 727 9
790 119 5
790 242 1
790 478 7
790 671 1
790 673 8
790 688 6
790 788 10
791 90 7
791 472 5
791 602 6
791 930 1
792 30 7
792 94 1
792 163 9
792 431 5
792 505 7
793 103 6
793 160 7
793 219 9
793 487 2
794 509 2
794 594 9
796 205 4
796 265 3
796 807 8
796 909 10
796 987 7
797 98 7
797 113 6
797 890 9
798 4 9
798 154 1
798 200 6
798 318 7
798 468 10
798 549 6
798 623 9
799 239 6
799 475 6
799 600 5
800 279 4
800 912 1
801 27 8
801 249 2
801 576 9
801 949 4
802 448 8
803 166 10
803 173 1
803 946 1
804 113 3
804 567 4
804 987 10
805 312 7
805 359 3
805 671 9
805 788 10
806 56 4
806 339 1
806 546 7
806 605 2
806 676 7
806 990 10
806 994 8
807 217 2
807 483 1
807 668 7
807 812 4
807 861 4
808 251 7
808 353 2
809 555 10
810 119 3
810 155 7
810 180 7
810 282 10
810 440 6
811 355 7
811 366 4
811 506 1
811 591 7
811 708 6
811 884 6
811 994 8
812 53 6
812 423 8
812 540 10
812 577 2
813 866 6
813 906 4
814 107 3
814 133 2
814 193 2
814 230 7
814 687 4
814 695 5
815 127 10
815 286 8
815 341 4
815 509 1
815 549 5
815 620 10
815 703 3
815 770 4
815 841 7
816 86 4
816 366 2
816 428 4
816 550 6
816 943 5
817 38 2
817 507 9
817 518 9
817 613 3
817 663 6
817 766 8
818 495 6
818 570 10
818 729 8
818 915 4
819 160 1
819 405 9
819 485 8
819 521 4
819 549 2
819 602 7
819 894 6
820 232 6
820 386 7
820 391 6
820 462 6
820 499 10
820 848 4
820 900 10
821 108 10
821 224 6
821 293 9
821 422 1
821 478 1
822 166 4
822 441 5
822 653 8
822 912 7
823 468 5
824 67 3
824 263 8
824 317 6
824 412 4
824 780 9
824 784 4
824 986 1
825 24 9
825 56 10
825 57 9
825 315 6
825 589 4
825 717 10
825 791 9
825 930 3
825 964 8
826 509 5
827 295 6
827 373 8
827 498 1
827 614 2
827 741 2
828 32 6
828 231 3
828 282 1
829 417 10
829 435 7
829 519 8
829 642 3
829 913 6
830 65 5
830 106 6
830 159 6
830 230 3
830 486 9
830 964 9
831 76 3
831 255 5
831 379 1
831 692 8
831 760 5
831 986 2
832 40 10
832 60 8
832 81 4
832 167 9
832 433 4
832 866 9
832 907 8
833 341 3
833 541 9
833 587 2
833 985 3
834 557 3
834 560 1
834 634 5
834 928 4
835 355 6
835 714 6
836 26 9
836 692 8
837 460 1
837 482 9
837 831 3
838 117 7
838 184 9
838 507 10
838 620 9
838 797 4
838 865 9
838 886 8
838 942 6
839 90 9
839 249 4
839 436 4
839 502 8
839 781 8
840 206 7
840 790 6
840 968 6
840 988 4
841 22 4
841 228 2
842 202 8
842 251 2
842 439 10
842 471 6
842 491 4
842 781 10
842 853 10
843 78 10
843 399 9
843 599 5
843 618 4
843 647 3
843 708 7
843 733 7
843 810 7
843 833 6
844 36 5
844 58 10
844 78 4
844 189 9
844 694 10
844 812 7
844 962 6
845 52 8
845 213 2
845 576 5
845 781 10
845 962 4
846 86 6
846 311 10
846 989 1
847 164 10
847 850 8
847 893 1
848 350 9
848 468 8
848 513 4
848 518 6
848 933 9
849 90 7
850 7 7
850 74 7
850 77 6
850 135 1
850 848 5
850 963 4
850 986 9
851 88 9
851 675 4
851 905 8
851 929 10
852 37 5
852 99 1
852 130 9
852 530 5
852 553 8
852 715 10
852 777 3
853 61 5
853 73 7
853 594 5
853 620 7
853 654 6
853 844 3
854 33 2
854 623 8
855 171 5
855 353 3
856 279 6
856 325 6
856 991 8
857 5 9
857 175 2
857 230 5
857 241 10
857 903 10
857 970 2
859 42 3
859 147 3
859 194 9
859 461 4
859 473 7
859 973 10
860 99 5
860 301 4
860 483 7
860 548 6
860 646 4
860 730 10
861 179 2
861 192 7
861 414 1
861 534 7
861 962 2
862 148 3
862 253 5
862 510 9
862 550 1
862 785 5
862 804 7
863 20 7
863 165 7
863 488 4
863 781 1
863 830 9
863 923 4
864 667 3
865 160 9
865 236 1
865 305 9
865 582 3
865 684 2
865 819 3
865 849 5
865 943 2
866 327 10
866 340 4
866 815 7
866 864 9
867 108 1
867 254 3
867 326 4
867 532 4
867 574 6
867 599 3
867 609 10
868 175 4
868 307 7
868 376 7
868 431 5
868 432 4
868 477 1
868 620 3
868 865 6
869 207 2
869 360 9
869 535 3
870 66 1
870 346 8
871 189 3
871 422 8
871 528 1
871 536 10
871 562 7
871 648 1
871 766 8
872 39 2
872 200 1
872 207 4
872 305 1
872 354 3
872 512 5
872 820 1
873 8 7
873 224 1
873 241 5
873 406 1
873 736 6
873 828 9
874 1 5
874 86 10
874 428 7
874 825 8
874 917 10
875 106 8
875 384 9
875 576 7
875 915 2
876 78 8
876 107 3
876 382 1
876 492 9
876 723 10
877 224 7
877 353 6
877 358 6
877 467 2
877 544 10
877 671 7
877 763 9
878 47 7
878 72 10
878 146 3
878 259 10
878 353 10
878 430 10
878 494 2
878 716 2
878 947 3
879 18 4
879 226 10
879 500 10
879 718 10
879 857 6
879 973 6
880 70 9
880 592 10
881 221 4
881 352 3
881 397 10
881 590 10
881 663 5
881 814 7
882 90 8
882 265 2
882 450 1
882 465 5
882 469 2
882 732 2
883 413 9
883 492 10
883 955 7
884 98 8
884 681 2
884 697 7
884 838 9
884 969 7
885 143 1
885 694 8
885 846 1
886 93 8
886 190 1
886 221 5
886 226 6
886 259 2
886 599 1
888 378 10
888 426 1
889 185 1
889 632 4
889 995 8
890 222 5
890 430 10
890 722 8
890 745 6
890 803 8
890 966 2
891 50 9
891 374 3
891 401 6
891 660 6
892 305 9
892 545 8
892 759 9
893 222 2
893 530 7
893 639 1
894 128 2
894 438 5
894 643 7
894 679 9
895 22 5
895 501 2
895 508 6
895 788 6
895 834 3
895 999 8
896 373 9
896 437 10
896 475 10
896 550 7
896 917 4
897 117 6
897 367 2
897 387 9
898 113 1
898 933 1
899 814 6
899 997 3
900 115 1
900 119 5
900 530 9
900 576 2
900 689 2
900 807 9
900 969 9
901 358 10
901 502 10
901 737 2
901 912 9
902 405 2
902 499 9
902 954 6
903 20 3
903 249 10
903 718 6
903 933 3
904 37 4
904 113 3
904 877 3
904 955 4
905 75 2
905 206 10
905 303 3
905 484 8
905 529 6
905 667 2
905 912 3
906 548 4
906 585 1
906 718 8
906 796 1
907 363 1
907 541 7
907 851 3
908 54 2
908 160 3
908 876 2
909 66 4
909 69 7
909 746 3
909 779 8
909 785 5
910 66 8
910 241 4
910 966 1
911 360 8
911 472 7
911 694 6
911 718 3
911 843 8
912 134 2
912 322 6
912 683 8
912 799 9
912 992 6
913 94 4
913 97 9
913 254 2
913 326 7
913 365 2
913 679 9
913 773 4
914 46 6
914 125 1
914 226 10
914 737 3
914 874 4
914 944 6
915 18 5
915 189 4
915 605 7
915 788 8
916 206 4
916 271 9
916 599 4
917 29 9
917 358 6
917 359 5
917 725 6
917 783 9
917 785 10
917 958 1
918 26 3
918 44 6
918 160 2
918 332 10
918 389 2
918 592 8
919 80 4
919 100 3
919 255 9
919 293 2
919 543 1
919 962 6
920 442 1
920 448 3
920 995 3
921 29 2
921 71 9
921 226 8
921 277 7
921 498 5
921 727 7
922 40 1
922 121 2
922 187 9
922 330 2
922 493 6
922 535 3
922 606 8
922 841 6
923 134 9
923 151 1
923 328 7
923 620 7
923 713 6
923 810 5
923 832 3
923 953 5
924 398 4
924 515 8
924 784 8
925 31 1
925 185 2
925 301 6
925 332 5
925 422 8
925 564 3
925 577 5
925 846 3
926 193 10
926 359 6
926 426 10
926 470 5
926 537 8
926 912 2
927 2 2
927 113 9
927 629 7
927 645 9
927 819 3
927 921 2
928 63 3
928 631 3
928 828 5
929 545 3
929 792 3
930 235 10
930 258 10
930 343 10
930 591 5
931 24 8
931 31 6
931 214 10
931 343 7
931 359 7
931 427 4
931 751 8
931 821 10
931 957 3
932 726 2
932 796 1
932 976 10
933 84 10
933 286 10
933 323 8
933 597 9
933 738 3
933 937 3
934 11 7
934 80 6
934 580 9
934 626 6
934 725 8
934 955 10
934 987 3
935 431 7
935 459 4
935 551 2
935 565 6
935 587 4
936 33 8
936 141 6
936 176 4
936 902 3
937 182 6
937 349 5
937 615 9
937 820 9
937 956 5
938 14 1
938 357 2
938 410 5
938 428 5
938 515 2
938 575 10
938 788 8
939 59 3
939 67 6
939 125 8
939 321 1
939 699 2
939 829 10
939 954 8
939 997 7
940 101 10
940 287 9
940 310 5
940 533 2
940 581 5
940 746 8
940 786 4
940 801 1
940 829 5
941 625 5
942 224 4
942 578 5
942 607 2
942 780 6
942 947 4
942 986 5
943 80 2
943 196 1
943 995 7
944 47 8
944 62 6
944 201 1
944 216 4
944 244 3
944 286 10
945 704 2
945 776 3
946 164 10
946 673 3
946 725 3
946 738 7
946 819 4
946 987 1
947 195 8
947 355 4
947 507 7
947 526 1
947 623 9
947 852 6
947 952 1
948 89 2
948 97 10
948 451 6
948 982 9
948 991 3
949 96 4
949 346 10
949 731 5
949 809 1
950 288 1
950 784 9
950 922 5
951 284 2
951 478 5
951 558 10
951 594 7
951 741 2
952 27 3
952 898 2
952 926 3
953 195 3
953 200 8
953 411 7
953 461 9
953 594 5
953 680 5
954 662 3
954 742 8
955 85 1
956 77 3
956 81 7
956 135 8
956 346 2
956 834 7
956 987 8
956 992 3
957 323 2
957 379 9
957 481 7
957 540 9
957 719 8
958 545 9
958 668 9
959 420 8
959 786 6
959 859 2
959 921 3
960 103 7
960 322 8
960 526 4
960 690 6
960 923 9
961 35 3
961 41 5
961 358 3
961 435 8
961 699 8
962 99 3
962 593 2
962 877 7
962 888 5
963 33 6
963 215 4
963 229 7
963 321 5
963 732 10
963 942 3
963 943 1
964 5 9
964 7 2
964 158 7
964 406 8
964 775 3
964 861 9
965 109 9
966 308 5
966 455 4
966 568 5
966 825 1
967 794 8
967 949 2
967 979 2
968 477 2
968 541 7
968 873 2
969 277 10
969 318 3
969 331 2
969 341 7
969 425 5
970 87 10
970 421 4
970 452 3
970 669 9
970 721 9
971 194 3
971 402 8
971 422 4
971 537 6
971 608 6
972 62 5
972 166 3
972 940 2
972 957 7
973 199 7
973 715 4
973 875 2
975 325 5
975 402 8
976 93 4
976 339 1
976 518 8
976 556 5
976 702 8
976 939 8
977 118 2
977 431 5
977 495 1
977 501 3
977 526 3
977 686 3
977 858 3
977 913 9
977 983 9
977 985 3
978 45 7
978 831 5
979 269 5
979 402 2
979 723 3
979 733 10
979 767 1
980 42 9
980 274 7
980 407 2
980 721 5
980 722 9
980 764 6
980 768 7
980 774 6
980 794 5
981 120 1
981 667 10
982 628 5
982 906 1
983 122 7
983 268 9
983 281 5
983 500 5
983 775 5
984 117 7
984 885 6
985 31 3
985 40 6
985 713 5
986 347 10
986 752 9
986 993 4
986 994 1
987 135 8
987 176 10
987 306 5
987 387 4
987 415 5
987 789 9
987 976 9
988 346 1
988 441 7
988 525 8
988 645 7
988 646 3
988 889 8
988 919 2
988 981 2
989 146 10
989 196 3
989 251 3
989 417 8
989 471 6
989 919 7
990 141 10
990 225 5
990 378 10
990 894 4
990 971 10
991 815 10
992 77 8
992 155 9
992 201 3
992 359 4
992 401 1
992 552 2
992 563 6
992 660 6
992 970 2
993 207 10
994 3 9
994 30 9
994 32 2
994 162 4
994 214 6
994 587 2
994 661 1
994 714 4
995 36 3
995 59 9
995 311 6
995 353 6
995 468 10
995 781 6
995 924 10
996 230 4
996 242 10
996 476 9
997 346 5
997 379 9
997 486 5
998 36 2
998 115 2
998 230 4
998 238 10
998 286 9
998 659 2
998 767 6
