1000
1007
0 749 8
0 756 8
0 887 8
2 416 9
2 980 3
4 150 1
4 564 8
4 695 4
7 170 7
7 386 10
8 774 2
8 792 4
9 110 8
9 892 3
10 243 8
10 437 7
12 537 3
13 761 1
16 157 6
17 294 6
17 421 7
19 218 4
19 469 6
19 958 2
20 500 6
21 3 2
21 292 3
21 944 3
23 835 9
25 166 2
26 474 4
28 781 8
30 849 8
30 936 4
34 283 1
36 144 9
38 462 1
39 196 2
39 785 5
39 862 9
40 364 6
40 933 5
40 953 6
41 360 7
42 190 7
44 674 1
45 717 9
47 97 5
47 118 2
47 576 8
49 269 2
49 910 7
51 314 10
51 417 10
52 77 3
52 222 3
54 859 5
56 66 2
56 185 6
56 273 9
56 460 3
57 429 8
57 502 3
57 978 3
59 313 9
62 171 9
64 866 7
65 227 2
65 331 7
65 603 7
65 861 1
65 878 6
67 29 9
68 524 7
68 691 10
70 144 9
70 375 4
70 714 5
70 842 1
70 986 8
71 74 8
71 904 6
72 70 4
73 170 7
73 284 7
73 804 6
75 744 1
75 762 9
76 179 1
77 536 2
78 19 9
78 952 5
79 259 8
80 145 9
80 365 5
81 180 10
81 297 9
81 365 3
83 63 5
84 508 5
86 64 7
86 233 1
87 79 7
87 656 10
87 867 5
88 496 3
90 332 4
95 433 5
95 949 4
97 107 7
97 148 3
98 735 5
99 74 9
100 223 10
101 556 8
101 825 2
102 555 3
102 623 5
104 854 2
104 928 3
105 470 2
106 862 8
106 928 4
109 48 4
109 90 9
109 94 10
109 572 3
115 908 1
118 315 9
118 457 1
120 182 7
120 492 3
121 363 6
121 374 10
121 661 2
122 120 4
122 596 4
124 311 6
124 819 4
127 79 8
127 354 5
128 169 4
128 969 7
131 195 6
131 480 8
136 337 10
136 650 4
136 949 1
138 325 8
139 904 3
140 113 7
143 474 9
144 359 9
144 917 3
145 390 9
151 886 4
152 105 3
152 852 9
155 65 5
157 67 8
158 204 5
158 488 9
158 549 4
159 777 9
162 995 5
163 130 8
164 378 6
165 557 7
165 567 5
165 609 7
165 731 6
166 734 9
170 104 10
170 384 7
170 976 7
172 706 2
174 11 6
174 940 8
175 673 3
177 413 6
177 938 9
178 58 8
178 264 1
179 8 3
179 590 10
181 290 4
181 593 2
182 460 3
182 606 4
183 264 4
185 354 6
185 646 8
186 305 10
187 422 3
189 462 10
189 901 10
190 355 5
191 225 10
191 937 8
192 700 5
193 187 10
195 516 5
196 541 7
196 552 7
196 810 7
197 652 10
197 810 1
199 941 10
200 627 8
201 730 6
202 647 9
204 185 2
204 581 1
206 915 10
208 474 9
208 814 6
209 375 9
209 653 8
209 914 3
210 664 2
213 125 3
216 205 9
216 591 1
216 994 5
220 331 10
223 204 10
223 472 2
223 708 6
224 780 2
225 798 2
226 227 9
227 390 10
229 904 6
230 986 10
232 404 3
234 677 1
236 186 7
237 407 5
237 577 3
237 712 8
238 756 6
238 771 9
238 873 7
239 222 3
239 463 6
242 681 7
243 279 5
247 275 2
247 394 6
247 519 7
249 260 1
250 626 7
250 925 8
251 163 3
253 788 2
255 481 5
256 57 7
256 199 1
256 896 8
259 505 5
259 715 7
260 879 5
261 429 2
262 50 9
262 305 10
263 382 1
263 500 8
263 937 9
264 126 1
265 99 5
266 208 4
267 45 1
268 9 9
268 907 4
271 191 8
273 81 10
273 605 7
274 290 6
274 894 10
274 936 1
276 621 6
276 796 3
277 861 5
279 860 2
279 877 6
280 129 10
281 296 3
282 140 3
282 588 5
284 914 10
285 911 7
286 921 5
287 81 5
288 717 10
288 919 2
288 953 1
289 148 9
289 682 7
290 924 3
291 122 10
291 982 6
293 292 1
295 54 10
295 504 7
296 355 3
296 915 6
298 81 8
298 786 8
299 180 10
300 598 10
302 112 5
302 286 9
302 886 2
305 555 2
305 768 3
306 660 7
307 37 10
308 871 5
310 19 10
310 333 9
311 22 1
311 640 5
312 999 8
315 102 4
315 246 10
316 658 5
319 15 8
319 115 4
320 547 6
320 905 8
321 640 6
323 586 1
325 191 2
325 657 9
325 678 8
326 537 6
330 49 5
330 577 6
331 219 8
332 236 4
332 613 7
336 33 3
336 164 2
337 198 10
337 650 10
338 74 6
338 592 7
340 106 9
344 604 5
345 480 7
349 106 10
349 220 6
349 909 2
351 115 3
352 821 7
353 419 5
353 842 9
355 55 5
356 350 7
356 541 10
357 994 8
359 72 10
361 320 1
361 567 9
362 59 9
362 141 4
362 463 3
366 236 8
366 639 9
366 922 1
366 957 8
367 998 6
368 382 2
368 499 7
368 802 7
368 911 4
371 228 7
371 477 6
371 634 9
372 7 3
374 84 5
374 258 4
376 510 3
377 364 9
378 12 10
378 396 9
378 579 1
378 612 3
380 24 10
381 641 4
381 866 1
382 173 3
383 885 8
385 691 9
386 34 5
387 179 3
389 116 6
389 170 8
389 878 4
390 337 10
391 589 10
393 281 6
393 531 7
398 514 9
399 144 9
399 165 4
399 497 3
399 898 10
402 86 8
404 270 1
404 311 5
405 95 3
406 296 9
406 393 8
406 910 2
408 654 7
409 734 4
409 836 1
410 2 3
410 887 8
413 71 7
413 789 3
414 593 7
414 688 9
414 828 10
415 406 8
415 549 2
418 334 3
418 943 1
419 417 4
420 612 1
422 352 10
423 859 5
424 316 6
426 624 9
428 740 6
429 364 5
430 619 6
430 942 4
431 630 6
432 143 6
432 382 8
433 638 6
433 726 2
433 951 10
434 359 3
434 563 9
434 582 4
434 796 3
436 98 4
437 236 2
437 920 6
439 110 7
439 314 5
439 911 4
441 460 8
442 450 1
444 460 8
445 702 7
446 761 9
448 653 9
449 92 8
451 689 8
451 701 3
452 91 2
452 189 1
452 298 1
453 116 3
453 175 5
454 232 9
455 724 8
456 248 10
456 682 5
456 768 4
458 886 5
459 134 2
459 547 3
460 416 5
461 26 10
462 192 8
463 393 5
465 223 6
465 899 7
467 302 7
467 733 6
468 586 4
468 783 1
471 756 3
471 890 4
472 993 3
473 22 1
473 80 2
473 903 3
474 302 1
474 381 8
475 326 9
476 959 1
478 196 1
478 883 4
478 888 4
479 65 1
479 358 5
479 799 10
480 409 4
480 597 7
481 96 2
481 246 1
481 306 10
483 75 3
483 886 4
484 28 4
484 507 4
485 36 9
485 965 3
487 321 4
489 96 4
489 111 5
489 154 8
489 822 6
491 238 2
493 427 1
494 92 6
494 392 2
495 301 1
495 793 3
496 155 6
497 70 3
497 939 4
498 417 7
499 273 6
501 945 3
502 641 1
504 296 10
505 835 1
508 759 2
509 573 5
510 759 9
510 792 8
510 981 3
511 976 10
512 224 10
512 807 8
515 132 10
516 951 5
517 731 2
519 390 4
519 653 3
521 226 5
522 697 1
523 258 5
523 600 2
524 612 8
524 676 3
525 414 7
525 669 7
525 732 2
525 758 9
526 234 1
526 985 6
527 812 1
528 549 3
529 568 7
530 397 5
531 42 1
533 103 7
535 994 4
536 126 10
537 259 9
538 321 6
538 324 4
539 211 6
540 32 4
540 173 9
540 912 8
541 128 7
541 219 4
542 721 1
543 413 10
543 597 9
543 872 4
544 797 5
545 824 9
546 442 5
546 507 6
548 575 4
548 974 7
549 406 10
550 614 2
550 743 8
551 656 1
552 761 8
553 319 8
553 434 5
556 662 3
557 642 8
560 430 6
560 593 2
561 190 5
561 470 10
563 894 5
564 102 2
565 127 10
565 679 6
566 190 6
566 819 3
567 693 4
568 235 3
569 836 8
572 930 2
573 112 1
573 659 1
574 544 1
576 361 8
580 221 9
582 61 9
582 251 4
583 184 10
584 406 3
586 223 7
586 383 6
586 588 6
590 20 3
591 456 1
597 556 3
597 755 8
598 67 2
598 674 8
600 944 6
601 798 3
602 287 2
602 796 4
603 270 6
603 456 8
605 479 4
608 256 6
608 554 4
610 19 5
610 381 10
611 134 5
612 234 3
615 83 6
616 980 5
618 117 4
618 264 2
618 572 4
618 886 2
619 199 7
620 678 2
623 186 8
624 617 10
626 504 6
627 976 10
629 108 6
629 255 10
631 4 2
631 151 7
632 401 5
632 654 8
632 937 5
633 411 10
633 713 7
634 556 2
634 762 1
634 937 3
635 922 4
637 417 6
637 456 4
639 815 9
640 758 1
641 33 5
641 519 4
643 744 8
643 851 7
646 903 2
648 97 1
650 535 1
651 776 9
652 218 4
653 529 4
653 751 8
653 758 6
653 868 5
657 28 1
660 41 5
663 199 3
664 287 10
664 620 9
664 995 2
666 263 8
666 943 10
669 799 2
671 771 2
671 886 5
674 217 5
674 454 7
675 247 2
675 585 3
675 722 9
675 734 7
677 43 9
678 232 9
679 514 5
680 196 9
681 814 5
682 981 5
683 590 10
684 114 1
687 57 10
688 843 5
692 216 2
696 978 1
697 145 1
700 624 6
701 456 3
702 286 10
702 768 8
703 346 8
705 107 6
705 473 8
705 555 7
705 584 7
707 62 2
707 162 10
707 874 7
710 387 4
712 838 5
712 886 8
713 63 10
714 69 1
714 546 2
716 473 5
716 753 10
717 686 9
717 837 1
718 495 6
718 927 2
719 208 7
719 802 1
720 251 2
721 859 3
722 580 8
722 997 4
722 998 2
725 148 10
725 723 6
726 130 2
726 217 3
730 826 4
731 280 6
731 441 9
732 591 8
732 922 1
733 430 10
733 494 7
733 630 10
733 672 3
734 462 10
735 297 9
736 170 2
737 875 4
738 15 7
740 970 6
741 360 9
744 428 4
745 839 5
746 51 1
747 54 8
747 611 5
748 216 2
748 983 2
749 401 10
750 762 9
751 604 9
753 398 7
755 110 3
758 188 7
758 421 8
758 450 9
759 29 5
760 784 10
761 95 8
761 325 2
761 874 6
763 431 3
766 691 5
769 378 9
770 31 7
770 344 6
772 572 5
774 206 9
775 500 5
775 918 10
776 251 2
776 904 3
777 235 1
778 18 7
779 527 1
780 276 3
780 670 6
781 696 2
782 728 2
783 124 1
784 932 2
786 639 10
787 782 8
788 333 5
788 448 2
790 480 10
794 703 3
795 88 7
795 439 6
796 274 9
797 36 9
797 264 4
799 32 7
799 181 10
799 390 10
799 411 6
799 745 2
803 715 4
804 637 9
805 56 10
805 183 6
806 347 6
808 75 6
808 586 10
809 445 3
810 515 10
810 539 7
810 731 1
811 616 4
812 386 9
812 534 7
814 63 10
815 365 8
815 682 7
816 138 8
816 411 4
817 96 8
818 90 1
818 688 8
819 101 3
821 714 5
821 805 3
823 882 2
824 73 3
824 434 1
824 888 2
825 564 6
825 610 3
826 342 10
827 911 3
828 44 9
828 732 8
830 325 8
832 568 3
835 117 5
836 435 10
837 66 6
837 145 10
837 544 2
837 871 7
841 669 4
842 105 2
842 397 6
842 750 5
842 922 10
842 996 4
843 776 5
844 197 4
845 920 3
847 397 7
847 410 6
848 270 3
849 824 10
850 525 1
853 566 7
855 178 8
856 905 5
857 48 6
857 508 8
858 175 7
858 382 9
858 420 8
861 931 3
862 332 3
862 621 9
866 222 8
866 580 7
866 822 2
867 631 6
868 71 5
869 397 9
869 936 8
870 182 8
870 887 6
872 182 10
872 390 2
873 808 3
874 171 8
875 201 4
876 989 8
879 553 9
880 81 6
881 409 9
881 528 5
882 148 2
882 574 2
883 479 8
889 430 6
890 126 10
891 373 3
891 916 10
892 188 6
892 531 10
892 839 10
893 422 4
893 513 3
894 725 10
895 92 1
896 296 3
896 649 8
897 17 6
898 8 5
898 104 1
902 198 3
906 303 5
909 321 9
909 332 4
909 989 6
909 992 10
910 742 9
911 416 3
913 89 9
916 202 3
916 786 8
917 19 8
917 334 4
918 718 10
921 174 4
922 124 9
928 585 6
931 14 2
931 21 7
931 894 1
935 243 10
936 190 7
937 181 1
939 46 4
940 932 7
942 862 2
944 315 8
944 361 5
944 859 1
945 824 3
947 341 3
947 648 10
948 423 3
949 309 4
951 521 8
952 610 1
953 605 8
954 409 4
955 565 10
955 780 3
957 464 5
957 697 8
959 288 9
961 112 10
961 584 6
962 283 4
963 82 5
963 465 5
963 531 5
965 362 4
965 857 10
968 365 4
969 43 5
970 212 2
971 830 5
972 491 8
972 838 4
973 822 1
973 955 3
974 308 7
975 848 9
976 334 2
979 161 9
980 929 6
981 122 7
984 606 8
985 560 1
987 171 9
988 596 8
989 211 5
989 580 1
989 716 1
989 816 9
990 924 8
993 161 8
993 199 7
994 661 2
994 752 8
996 377 2
996 685 10
998 602 9
998 841 3
