100
1006
0 6 8
0 9 5
0 21 6
0 24 9
0 26 6
0 29 3
0 31 3
0 42 8
0 45 8
0 48 6
0 51 5
0 55 4
0 59 7
0 68 2
0 79 4
0 82 1
0 99 5
1 31 1
1 48 7
1 54 8
1 62 6
1 69 9
1 77 10
1 86 2
1 90 10
1 99 1
2 12 2
2 21 4
2 26 8
2 39 7
2 42 1
2 51 2
2 86 5
2 87 2
2 95 1
2 99 3
3 12 3
3 13 3
3 14 10
3 18 1
3 37 7
3 38 9
3 39 5
3 41 5
3 76 9
3 83 5
3 86 7
3 91 3
4 27 8
4 40 6
4 54 9
4 70 4
4 84 5
4 87 1
4 90 3
5 4 1
5 9 3
5 23 1
5 24 8
5 35 9
5 43 9
5 54 8
5 60 1
5 69 4
5 78 2
5 92 6
5 97 1
5 99 5
6 29 2
6 69 2
6 75 2
6 77 4
6 91 8
7 2 3
7 4 5
7 21 7
7 36 5
7 42 10
7 43 5
7 44 2
7 52 8
7 69 9
7 77 7
7 93 9
8 1 1
8 28 1
8 44 9
8 46 4
8 49 1
8 51 4
8 53 8
8 60 2
8 63 2
8 69 4
8 85 7
9 25 5
9 39 8
9 43 1
9 44 8
9 48 10
9 52 6
9 57 9
9 58 9
9 99 7
10 15 6
10 16 3
10 17 10
10 27 1
10 40 9
10 43 10
10 59 4
10 69 7
10 83 10
10 85 6
10 99 4
11 24 10
11 30 7
11 41 10
11 54 7
11 56 3
11 59 7
11 71 5
11 80 4
12 6 4
12 15 3
12 56 9
12 66 5
12 87 9
13 1 2
13 19 3
13 46 8
13 54 9
13 60 4
13 63 1
13 69 1
13 70 3
13 80 4
13 88 1
13 92 9
13 99 5
14 5 10
14 28 2
14 42 4
14 44 10
14 45 7
14 46 5
14 47 6
14 61 1
14 63 8
14 69 4
14 70 2
14 74 5
14 92 3
15 3 3
15 11 10
15 26 2
15 37 10
15 41 9
15 42 9
15 46 9
15 58 10
15 59 3
15 84 5
15 86 4
15 87 3
15 89 2
15 90 2
15 98 8
16 8 6
16 11 3
16 13 7
16 66 5
16 70 1
16 71 2
16 82 8
16 88 7
16 94 4
16 99 6
17 27 2
17 28 10
17 55 6
17 82 9
17 97 7
17 99 8
18 21 1
18 37 6
18 59 9
18 97 7
19 12 4
19 16 9
19 24 9
19 33 2
19 43 10
19 59 5
19 63 2
19 70 7
19 74 6
19 83 5
19 98 1
20 16 4
20 53 10
20 69 2
20 71 7
20 81 2
20 83 7
20 93 3
20 95 7
21 5 10
21 20 5
21 25 6
21 40 8
21 53 2
21 59 10
21 65 5
21 67 5
21 73 10
21 77 3
21 90 3
22 5 2
22 7 10
22 15 3
22 17 3
22 48 5
22 53 5
22 72 6
23 30 9
23 47 7
23 48 4
23 52 8
23 55 1
23 79 3
23 90 2
23 95 8
24 10 2
24 36 1
24 40 5
24 50 1
24 58 6
24 59 2
24 81 7
24 97 3
25 5 9
25 10 6
25 19 8
25 20 6
25 23 1
25 31 9
25 35 3
25 43 1
25 59 9
25 62 1
25 63 8
25 79 9
25 80 9
25 88 8
25 98 3
26 4 1
26 9 7
26 21 8
26 57 2
26 64 2
26 66 3
26 70 1
26 84 1
26 86 1
26 92 3
27 3 6
27 19 3
27 46 5
27 49 1
27 54 3
27 55 10
27 56 1
27 78 3
27 80 4
27 83 9
27 91 9
27 95 6
28 7 8
28 18 5
28 24 2
28 26 8
28 31 6
28 41 7
28 53 8
28 64 6
29 13 2
29 36 3
29 39 1
29 40 4
29 42 1
29 53 6
29 55 3
29 58 2
29 61 7
29 83 6
29 89 2
29 92 2
29 98 10
30 4 10
30 16 3
30 29 1
30 34 1
30 38 1
30 43 2
30 46 7
30 50 7
30 54 2
30 60 9
30 64 4
30 85 3
30 87 2
30 96 7
30 98 1
30 99 6
31 12 3
31 15 4
31 16 10
31 42 6
31 54 10
31 56 7
31 71 6
31 82 4
31 92 8
31 95 10
31 99 8
32 9 2
32 14 4
32 39 8
32 40 10
32 53 2
32 56 5
32 60 2
32 75 1
32 83 7
33 1 9
33 12 9
33 13 5
33 22 7
33 31 2
33 36 4
33 44 6
33 60 8
33 74 3
33 87 4
33 93 8
34 7 5
34 38 2
34 47 1
34 58 2
34 62 8
34 81 3
34 86 2
34 88 8
35 4 5
35 7 8
35 32 4
35 33 4
35 37 7
35 38 6
35 44 3
35 49 1
35 60 10
35 61 3
35 75 2
35 76 9
35 88 5
36 2 1
36 5 8
36 23 10
36 41 9
36 51 9
36 60 4
36 71 1
36 82 8
36 84 3
37 26 5
37 27 9
37 32 2
37 58 8
37 67 5
37 69 1
37 70 4
37 80 9
37 90 5
37 95 2
38 14 6
38 21 9
38 37 8
38 49 2
38 54 2
38 58 1
38 60 2
38 65 7
38 78 10
38 80 1
38 91 2
39 17 4
39 19 1
39 22 8
39 25 10
39 54 10
39 71 5
39 76 1
39 90 4
40 23 10
40 62 5
40 80 1
40 83 10
40 88 5
40 95 5
40 96 10
41 1 10
41 4 6
41 47 7
41 55 7
41 58 9
41 87 7
41 96 6
42 33 8
42 35 10
42 55 8
42 58 7
42 72 2
42 75 2
42 78 6
42 81 6
42 82 2
42 94 8
43 6 4
43 26 6
43 60 10
43 79 1
43 90 2
44 13 7
44 29 4
44 32 9
44 36 2
44 46 4
44 51 8
44 68 6
44 74 5
44 76 7
45 3 6
45 5 2
45 7 9
45 15 6
45 21 2
45 24 6
45 61 3
45 63 8
45 64 2
45 67 1
45 83 1
45 93 10
45 99 8
46 2 2
46 4 1
46 9 9
46 22 2
46 26 2
46 31 8
46 35 8
46 38 5
46 45 7
46 63 10
46 65 10
46 73 5
46 81 4
47 5 6
47 7 2
47 22 5
47 26 1
47 28 6
47 37 5
47 43 9
47 49 1
47 73 6
47 75 2
47 81 8
47 85 5
47 97 3
48 13 1
48 27 9
48 29 4
48 31 6
48 35 5
48 44 5
48 45 7
48 59 6
48 60 10
48 73 7
48 79 9
48 91 1
48 92 2
49 4 10
49 11 1
49 20 5
49 26 3
49 72 5
49 92 3
50 3 5
50 12 6
50 14 3
50 25 4
50 27 2
50 29 3
50 36 6
50 39 6
50 42 7
50 53 10
50 74 6
50 98 1
51 3 9
51 10 7
51 15 5
51 25 10
51 64 9
51 76 5
51 79 10
52 5 3
52 28 8
52 34 9
52 35 1
52 48 6
52 57 5
52 68 10
52 84 3
52 90 4
52 93 3
53 4 2
53 6 10
53 10 8
53 24 8
53 31 9
53 36 2
53 47 10
53 52 7
53 70 3
53 83 5
53 95 5
54 12 9
54 20 3
54 21 9
54 24 2
54 37 8
54 40 3
54 63 6
54 64 7
54 98 7
55 8 2
55 16 3
55 19 8
55 28 10
55 31 3
55 43 5
55 74 6
55 77 5
55 91 1
56 2 3
56 6 4
56 17 3
56 20 1
56 23 9
56 35 7
56 36 7
56 46 8
56 47 5
56 54 6
56 65 7
56 84 8
56 87 2
56 89 5
56 90 8
57 4 5
57 48 9
57 63 2
57 65 9
57 76 3
57 87 10
57 89 1
58 10 10
58 11 10
58 12 9
58 19 1
58 21 1
58 22 9
58 36 7
58 40 9
58 48 9
58 55 9
58 62 9
58 76 10
58 87 3
58 89 1
58 95 5
59 17 9
59 33 2
59 40 2
59 43 8
59 58 10
59 72 10
59 77 1
59 81 4
59 83 2
59 85 6
59 86 1
60 4 2
60 18 9
60 19 5
60 20 5
60 23 9
60 29 2
60 41 1
60 53 3
60 57 8
60 84 2
60 93 3
60 99 8
61 7 1
61 13 1
61 22 9
61 25 8
61 33 6
61 38 10
61 48 8
61 56 4
61 85 7
61 94 5
61 98 10
62 3 1
62 10 5
62 15 8
62 24 9
62 30 4
62 43 4
62 59 6
62 74 3
62 75 5
62 80 5
62 82 6
63 4 2
63 7 2
63 16 8
63 35 3
63 48 10
63 49 4
63 73 3
64 8 3
64 12 8
64 18 7
64 21 5
64 29 6
64 58 3
64 59 8
64 66 10
64 72 2
64 84 2
64 92 10
64 99 5
65 2 7
65 9 8
65 11 4
65 15 6
65 22 7
65 23 8
65 44 10
65 58 1
66 9 9
66 14 3
66 17 1
66 18 5
66 20 8
66 51 2
66 59 3
66 65 9
66 69 9
66 74 4
66 79 4
66 91 6
66 93 7
67 10 7
67 14 7
67 35 2
67 43 5
67 47 9
67 50 9
67 55 8
67 60 4
67 68 2
67 77 8
67 80 10
67 81 4
68 1 10
68 5 6
68 9 3
68 12 9
68 13 2
68 33 9
68 38 5
68 39 7
68 41 6
68 51 4
68 56 2
68 58 6
68 81 7
68 98 2
68 99 2
69 18 3
69 23 3
69 26 8
69 38 3
69 40 5
69 97 6
70 3 9
70 24 7
70 31 9
70 40 2
70 44 6
70 52 3
70 69 3
70 71 8
70 74 1
70 77 8
70 96 6
71 32 2
71 33 8
71 58 6
71 59 7
71 62 3
71 73 7
71 77 10
71 79 9
71 80 2
71 84 2
71 92 7
71 94 3
71 99 1
72 5 4
72 6 5
72 8 8
72 24 6
72 54 3
72 61 4
72 75 9
72 81 6
72 93 3
73 1 6
73 9 1
73 12 1
73 19 2
73 20 10
73 43 9
73 51 9
73 53 6
73 55 5
73 74 6
73 76 10
73 80 5
73 83 9
73 90 9
73 93 7
74 7 5
74 9 8
74 26 6
74 30 8
74 32 1
74 42 9
74 48 5
74 75 5
74 84 9
74 93 10
74 95 6
74 96 10
75 16 4
75 38 6
75 70 6
75 83 3
75 86 3
75 93 5
75 99 5
76 10 10
76 25 1
76 28 9
76 50 10
76 54 6
76 60 2
76 64 9
76 72 1
76 80 4
76 81 8
76 86 1
76 87 1
76 90 8
77 2 8
77 12 3
77 29 1
77 34 3
77 37 9
77 43 8
77 52 1
77 87 8
77 96 2
78 18 4
78 32 7
78 44 7
78 68 3
78 70 1
78 72 4
78 76 9
78 79 10
78 88 4
79 4 5
79 13 1
79 15 10
79 39 6
79 54 10
79 68 3
79 69 6
79 72 3
79 73 1
79 75 6
79 76 1
79 95 6
80 4 2
80 8 7
80 12 9
80 17 2
80 22 1
80 29 7
80 31 8
80 43 1
80 55 6
80 56 10
80 64 7
80 66 10
80 72 4
80 81 6
80 87 2
80 97 3
81 6 5
81 7 1
81 11 1
81 12 6
81 16 9
81 21 7
81 40 1
81 58 7
81 60 6
81 83 3
81 95 1
82 11 7
82 18 8
82 32 3
82 33 5
82 41 1
82 46 8
82 65 2
82 75 2
82 76 8
82 77 1
82 86 9
82 94 10
83 6 8
83 9 8
83 12 4
83 18 9
83 21 1
83 22 6
83 23 2
83 31 3
83 46 8
83 60 8
83 99 6
84 2 10
84 8 3
84 45 2
84 48 1
84 54 3
84 58 2
84 86 1
85 11 10
85 20 1
85 25 9
85 33 2
85 44 6
85 51 8
85 57 10
85 66 7
85 69 3
85 89 1
86 12 6
86 17 6
86 57 2
86 66 9
86 79 7
86 87 4
86 96 6
87 8 4
87 23 10
87 35 9
87 40 9
87 47 4
87 51 5
87 55 6
87 75 9
87 96 10
88 3 9
88 9 4
88 15 1
88 19 1
88 24 5
88 56 2
88 63 6
88 74 4
88 92 1
89 20 8
89 22 6
89 27 1
89 34 2
89 64 9
89 77 4
89 86 9
90 9 6
90 13 3
90 19 4
90 30 3
90 31 3
90 34 2
90 62 1
90 72 2
90 87 6
90 95 2
91 13 7
91 20 4
91 21 1
91 24 7
91 36 2
91 42 4
91 56 9
91 58 5
91 93 3
92 36 4
92 44 9
92 51 8
92 72 1
92 79 4
92 85 2
93 3 1
93 6 9
93 11 7
93 35 5
93 39 3
93 41 7
93 50 10
93 54 7
93 87 8
94 6 2
94 10 7
94 33 6
94 34 2
94 37 9
94 43 3
94 48 7
94 57 7
94 62 9
94 84 1
94 92 7
94 95 10
94 99 4
95 6 1
95 30 4
95 36 10
95 46 7
95 62 4
95 63 2
95 71 1
95 73 8
96 46 1
96 51 3
96 68 7
96 71 2
96 72 2
96 81 9
97 3 5
97 10 8
97 11 3
97 21 2
97 22 2
97 27 9
97 43 3
97 44 5
97 50 3
97 58 7
97 63 4
98 8 1
98 31 4
98 32 9
98 41 2
98 57 6
98 74 1
98 76 2
98 85 3
98 88 6
98 91 8
98 94 2
