100
1013
0 6 3
0 7 1
0 10 3
0 11 8
0 16 2
0 27 7
0 28 1
0 30 6
0 40 10
0 42 3
0 45 4
0 54 4
0 60 2
0 65 2
0 75 7
0 78 3
0 80 8
0 92 5
0 93 1
0 99 2
1 6 1
1 30 10
1 48 10
1 51 6
1 74 5
1 86 3
1 87 9
2 3 4
2 10 10
2 16 3
2 26 9
2 34 10
2 45 10
2 51 5
2 58 7
2 60 7
2 72 1
2 85 1
2 92 4
2 97 6
2 98 8
3 10 10
3 13 6
3 25 8
3 31 5
3 58 2
3 64 8
3 65 9
3 69 4
3 73 2
3 77 2
3 78 8
3 79 7
3 83 10
3 84 3
3 98 7
4 8 5
4 12 4
4 23 2
4 27 8
4 50 1
4 54 2
4 56 2
4 60 7
4 92 2
4 99 2
5 14 8
5 17 4
5 22 4
5 32 2
5 33 1
5 38 8
5 39 10
5 57 8
5 73 3
5 80 2
5 83 2
5 96 4
5 99 9
6 29 2
6 66 10
6 70 4
6 76 8
6 80 5
6 89 3
7 3 3
7 4 3
7 25 8
7 29 4
7 34 4
7 50 5
7 53 10
7 68 2
7 69 6
7 82 9
7 86 3
8 15 5
8 18 1
8 27 3
8 50 5
8 64 5
8 70 2
8 76 4
8 88 4
8 90 8
9 2 4
9 14 10
9 15 3
9 20 9
9 30 4
9 33 10
9 41 5
9 43 2
9 65 1
9 71 9
9 83 4
10 6 10
10 15 6
10 32 6
10 54 6
10 64 1
10 73 1
10 79 9
10 82 8
10 93 2
11 1 3
11 14 5
11 15 5
11 16 1
11 27 7
11 28 10
11 55 10
11 57 4
11 68 2
11 84 3
11 91 10
12 9 3
12 15 3
12 33 8
12 41 7
12 75 6
12 79 4
12 84 3
12 99 8
13 6 2
13 9 1
13 14 2
13 20 9
13 32 9
13 36 6
13 43 9
13 48 3
13 55 1
13 56 3
13 67 4
13 68 1
13 85 4
13 94 10
14 22 9
14 25 1
14 35 2
14 51 4
14 68 8
14 83 4
14 84 5
14 85 2
14 89 9
14 92 8
15 23 10
15 24 10
15 28 10
15 29 9
15 30 7
15 48 1
15 88 10
15 91 8
16 12 1
16 15 10
16 18 1
16 19 10
16 34 3
16 45 7
16 49 2
16 66 7
16 99 3
17 9 1
17 10 4
17 11 7
17 40 9
17 45 9
17 47 10
17 49 7
17 54 1
17 64 8
17 77 4
17 79 8
17 88 4
18 10 8
18 29 3
18 33 7
18 62 7
18 64 10
18 86 3
18 93 8
19 4 7
19 12 10
19 45 6
19 48 4
19 53 8
19 63 10
19 75 7
19 83 6
19 85 8
19 88 1
19 90 5
19 94 9
19 98 9
20 3 9
20 26 10
20 59 1
20 64 10
20 68 8
20 74 7
20 94 4
21 12 10
21 25 7
21 29 6
21 92 5
21 95 9
21 99 3
22 6 8
22 13 4
22 21 1
22 27 6
22 30 4
22 35 7
22 46 10
22 48 5
22 60 1
22 71 3
22 92 7
22 96 5
23 6 8
23 17 5
23 38 2
23 45 7
23 55 6
23 66 8
23 71 6
23 77 9
23 89 9
23 93 5
24 2 3
24 23 7
24 28 9
24 35 6
24 37 10
24 53 5
24 62 3
24 76 3
24 89 3
24 96 8
25 9 9
25 10 3
25 47 3
25 60 3
25 61 1
25 71 8
25 78 3
25 86 10
25 88 6
25 95 5
25 99 8
26 7 4
26 8 9
26 34 9
26 53 6
26 57 7
26 58 6
26 66 5
26 75 8
26 90 1
26 92 5
26 99 9
27 7 2
27 19 10
27 20 1
27 40 4
27 41 8
27 44 3
27 60 9
27 73 3
27 82 7
27 83 5
27 97 5
28 3 7
28 8 5
28 17 5
28 21 10
28 53 9
28 56 10
28 93 6
29 1 2
29 9 2
29 16 2
29 19 3
29 23 6
29 25 5
29 30 9
29 47 6
29 71 10
29 82 4
30 14 7
30 25 1
30 34 10
30 36 7
30 57 4
30 77 9
30 78 1
30 85 9
30 93 1
31 12 2
31 36 4
31 68 1
31 70 2
31 72 7
31 78 5
31 84 4
31 88 1
31 94 8
32 52 4
32 73 8
32 83 5
32 85 2
32 88 4
32 90 6
32 94 3
32 99 7
33 20 8
33 21 1
33 31 2
33 40 9
33 45 3
33 65 2
33 70 7
33 80 8
34 1 10
34 3 8
34 5 3
34 15 6
34 41 6
34 48 2
34 50 2
34 52 2
34 59 2
34 67 1
34 69 8
34 71 1
34 75 4
34 76 4
34 97 3
34 99 8
35 44 9
35 46 9
35 61 3
35 66 1
35 72 9
35 83 9
35 84 1
36 10 6
36 11 6
36 23 3
36 54 6
36 56 5
36 67 3
36 70 8
36 99 7
37 6 6
37 11 9
37 16 5
37 28 4
37 39 1
37 41 2
37 42 8
37 55 3
37 58 1
37 83 5
37 93 10
37 98 8
37 99 1
38 2 8
38 32 1
38 37 7
38 39 4
38 43 8
38 65 7
38 66 6
39 1 1
39 14 3
39 29 10
39 30 2
39 49 4
39 56 7
39 86 1
39 94 2
39 97 4
40 18 4
40 22 2
40 26 9
40 28 2
40 31 1
40 43 9
40 47 8
40 72 4
40 76 1
41 4 4
41 8 7
41 11 8
41 21 7
41 76 6
41 85 8
41 92 8
42 1 8
42 14 10
42 20 6
42 30 5
42 31 1
42 35 7
42 39 5
42 44 6
42 51 7
42 78 8
42 87 4
42 94 10
42 96 6
42 98 10
42 99 3
43 4 7
43 29 9
43 63 6
43 74 1
43 77 7
43 91 8
43 94 9
43 95 4
44 2 8
44 6 2
44 8 6
44 15 4
44 17 4
44 18 5
44 26 1
44 29 2
44 37 4
44 45 6
44 46 5
44 47 3
44 68 6
44 92 4
45 5 5
45 21 3
45 32 10
45 35 3
45 42 1
45 67 1
46 1 10
46 25 3
46 28 6
46 47 6
46 54 1
46 64 9
46 83 3
46 88 1
46 95 2
46 96 3
47 13 3
47 21 6
47 35 4
47 49 5
47 51 10
47 52 8
47 53 8
47 57 5
47 77 6
48 12 9
48 26 9
48 28 1
48 35 3
48 46 3
48 66 1
48 83 9
48 97 1
49 6 3
49 7 1
49 14 10
49 38 6
49 40 5
49 41 2
49 42 1
49 67 8
49 74 4
49 77 2
50 1 7
50 10 10
50 13 5
50 14 8
50 21 4
50 23 3
50 33 7
50 35 2
50 59 4
50 83 5
50 85 1
50 89 1
50 98 5
51 5 1
51 6 3
51 11 8
51 12 2
51 16 2
51 18 3
51 27 5
51 33 4
51 53 3
51 77 10
51 94 9
52 5 1
52 25 10
52 31 5
52 36 5
52 63 5
52 73 4
52 75 4
52 85 6
53 10 5
53 14 4
53 15 7
53 80 7
53 92 10
54 7 3
54 8 3
54 13 3
54 18 5
54 34 5
54 41 3
54 42 1
54 48 8
54 80 8
54 84 8
54 91 7
55 17 3
55 29 8
55 41 1
55 45 6
55 73 10
55 82 1
55 87 4
55 96 7
56 27 1
56 35 10
56 38 8
56 63 10
56 66 4
56 92 9
57 3 10
57 18 6
57 32 3
57 37 9
57 40 8
57 48 2
57 54 6
57 63 1
57 68 4
57 78 8
57 82 1
57 84 2
57 89 10
58 8 10
58 29 1
58 31 7
58 34 4
58 35 5
58 39 10
58 42 8
58 60 1
58 79 9
58 81 9
58 83 6
58 93 3
58 94 1
58 99 6
59 11 10
59 22 8
59 25 5
59 37 4
59 41 1
59 43 2
59 61 5
59 63 4
59 78 5
59 81 2
59 94 4
60 7 10
60 8 2
60 23 2
60 28 5
60 49 6
60 50 9
60 52 10
60 55 9
60 72 8
60 85 4
60 88 5
61 11 8
61 21 10
61 37 1
61 39 9
61 53 3
61 69 7
61 84 5
61 92 7
61 95 5
61 98 9
62 13 5
62 19 8
62 32 8
62 44 3
62 48 2
62 53 3
62 70 7
62 73 7
62 75 5
62 91 6
63 22 1
63 25 1
63 40 2
63 85 4
63 87 9
64 6 10
64 11 10
64 21 3
64 24 10
64 28 8
64 34 4
64 39 1
64 53 8
64 60 1
64 71 4
64 73 2
64 77 4
64 89 2
64 96 3
64 98 1
65 4 6
65 7 1
65 8 6
65 11 10
65 18 4
65 20 1
65 36 7
65 71 8
66 3 10
66 46 3
66 50 2
66 51 9
66 57 3
66 60 1
66 69 4
66 74 7
67 4 10
67 11 10
67 12 10
67 19 7
67 21 4
67 22 1
67 35 3
67 40 10
67 51 4
67 53 2
67 54 8
67 64 4
67 69 2
67 75 7
68 8 2
68 16 9
68 19 5
68 22 1
68 24 3
68 32 10
68 48 6
68 51 7
68 58 4
68 75 10
68 78 2
68 86 9
68 94 6
69 6 10
69 43 9
69 51 10
69 53 9
70 2 1
70 30 5
70 43 6
70 49 10
70 54 9
70 57 6
70 59 3
70 98 1
70 99 3
71 8 6
71 10 3
71 31 5
71 40 9
71 41 8
71 43 4
71 44 7
71 52 7
71 54 7
71 57 6
71 58 2
71 79 4
71 90 4
71 94 4
72 3 9
72 4 4
72 5 4
72 11 1
72 16 10
72 19 2
72 27 5
72 30 1
72 37 5
72 39 6
72 59 9
72 63 4
72 66 5
72 80 9
72 87 8
72 95 3
73 22 2
73 24 4
73 36 5
73 40 10
73 83 2
73 86 7
74 4 5
74 14 10
74 19 8
74 39 2
74 47 4
74 54 9
74 60 2
74 61 4
74 67 2
74 99 2
75 1 3
75 6 10
75 13 2
75 31 3
75 35 9
75 40 1
75 49 8
75 66 5
75 77 9
75 98 1
76 4 4
76 18 1
76 22 2
76 28 8
76 52 7
76 55 1
76 62 6
76 68 9
76 72 6
76 75 6
76 79 6
76 85 7
77 9 5
77 14 10
77 21 3
77 24 6
77 36 5
77 39 8
77 58 3
77 62 3
77 89 8
77 96 1
77 98 1
78 14 6
78 37 4
78 41 4
78 50 3
78 67 4
78 73 1
78 86 1
79 1 5
79 2 6
79 11 6
79 13 7
79 34 10
79 42 10
79 52 1
79 65 4
79 68 1
80 17 7
80 18 5
80 22 6
80 34 1
80 35 10
80 40 8
80 45 4
80 58 6
80 78 8
80 82 2
80 86 10
80 99 5
81 6 5
81 12 4
81 14 4
81 17 7
81 23 10
81 37 4
81 46 10
81 49 1
81 56 10
81 62 9
81 72 1
81 85 1
81 96 2
82 3 7
82 4 5
82 16 2
82 23 8
82 26 10
82 39 10
82 45 8
82 47 9
82 54 5
82 65 2
82 74 9
82 75 9
82 86 8
82 88 9
82 90 8
82 96 5
82 98 3
83 4 4
83 11 2
83 21 6
83 31 4
83 41 10
83 61 6
83 62 9
83 70 6
83 71 8
83 86 3
84 30 4
84 36 3
84 40 9
84 47 10
84 49 4
84 59 2
84 71 7
84 86 6
85 3 2
85 16 4
85 26 8
85 31 5
85 33 4
85 38 4
85 44 7
85 45 2
85 66 7
85 84 10
85 89 9
85 98 2
86 9 10
86 10 6
86 20 1
86 30 1
86 33 10
86 34 5
86 62 1
87 22 5
87 28 10
87 31 1
87 33 3
87 40 7
87 45 3
87 69 7
87 71 5
87 90 7
87 96 3
87 98 7
88 5 8
88 7 3
88 13 6
88 44 2
88 51 3
88 53 1
88 63 8
88 68 4
88 70 2
88 71 2
88 74 6
88 76 2
88 83 2
88 92 3
89 8 7
89 19 1
89 30 6
89 32 5
89 43 2
89 44 3
89 69 5
89 71 9
89 87 3
89 92 10
89 93 5
89 96 6
90 12 4
90 43 5
90 47 6
90 55 6
90 57 4
90 66 9
90 73 2
90 80 4
90 92 6
91 13 6
91 18 10
91 19 2
91 20 6
91 45 1
91 66 4
91 85 5
91 89 4
91 93 1
91 94 5
92 6 8
92 7 3
92 11 3
92 42 6
92 46 10
92 54 4
92 65 8
92 77 6
92 87 2
92 91 9
92 94 6
93 13 8
93 15 3
93 16 3
93 25 6
93 31 3
93 36 4
93 42 5
93 48 7
93 56 5
93 61 9
93 70 7
93 76 3
94 1 2
94 7 8
94 8 8
94 17 6
94 30 1
94 34 8
94 45 5
94 87 3
94 93 10
95 1 7
95 5 10
95 20 10
95 50 2
95 53 6
95 64 9
95 70 7
95 81 9
95 90 3
95 91 9
96 6 10
96 13 9
96 15 7
96 25 7
96 31 8
96 32 1
96 49 5
96 62 7
97 1 7
97 4 1
97 18 4
97 43 1
97 47 6
97 54 10
97 56 1
97 72 5
97 93 9
98 9 8
98 10 8
98 22 5
98 23 5
98 24 9
98 31 4
98 36 3
98 45 8
98 52 3
98 66 7
98 78 5
98 86 5
98 92 8
98 93 4
98 99 9
