100
2473
0 1 7
0 2 2
0 3 9
0 4 9
0 5 4
0 6 9
0 7 7
0 10 4
0 11 4
0 12 7
0 16 7
0 17 9
0 18 7
0 20 7
0 23 9
0 27 5
0 28 10
0 30 8
0 31 1
0 33 9
0 35 8
0 36 8
0 37 9
0 39 9
0 40 8
0 43 9
0 44 1
0 45 3
0 46 7
0 49 1
0 50 8
0 52 8
0 54 5
0 55 8
0 60 8
0 65 7
0 66 9
0 69 5
0 70 2
0 71 5
0 72 2
0 75 5
0 77 2
0 81 7
0 84 5
0 85 10
0 86 10
0 88 2
0 89 10
0 91 6
0 93 10
0 94 7
0 95 4
0 98 8
1 7 3
1 9 7
1 12 9
1 14 5
1 18 2
1 25 10
1 26 7
1 29 3
1 31 8
1 34 7
1 40 7
1 43 5
1 48 8
1 53 3
1 55 8
1 60 8
1 62 4
1 63 5
1 71 8
1 74 5
1 80 8
1 81 7
1 83 8
1 84 1
1 89 2
1 97 4
2 8 7
2 13 5
2 17 5
2 21 5
2 23 8
2 25 2
2 28 10
2 29 3
2 31 2
2 35 6
2 42 8
2 43 9
2 44 2
2 45 10
2 49 8
2 51 10
2 53 1
2 54 1
2 55 2
2 57 8
2 58 1
2 63 5
2 64 7
2 66 2
2 67 2
2 70 5
2 77 9
2 78 8
2 79 9
2 80 2
2 83 8
2 88 8
2 95 5
2 98 8
3 5 5
3 6 6
3 7 5
3 8 6
3 13 7
3 16 3
3 20 10
3 29 4
3 31 3
3 37 7
3 40 2
3 43 8
3 44 1
3 45 3
3 50 8
3 51 1
3 54 5
3 67 2
3 71 6
3 72 8
3 77 8
3 82 6
3 89 5
3 90 5
3 92 8
3 98 2
4 5 2
4 10 8
4 16 7
4 25 4
4 28 8
4 29 2
4 31 5
4 34 9
4 39 4
4 41 2
4 51 3
4 53 7
4 54 4
4 69 1
4 70 10
4 73 3
4 75 4
4 76 5
4 85 2
4 91 9
4 95 6
4 99 7
5 1 4
5 6 3
5 16 7
5 20 6
5 21 10
5 27 8
5 31 7
5 33 7
5 35 1
5 37 3
5 39 5
5 43 6
5 46 9
5 48 9
5 51 4
5 55 1
5 57 1
5 63 2
5 65 2
5 68 1
5 73 3
5 77 7
5 78 6
5 83 8
5 84 3
5 88 6
5 91 10
5 92 7
5 93 2
5 97 8
6 4 9
6 7 10
6 9 9
6 12 4
6 14 6
6 17 6
6 20 3
6 26 1
6 29 10
6 31 7
6 33 8
6 34 1
6 35 4
6 42 2
6 45 9
6 53 4
6 55 3
6 56 6
6 57 7
6 59 3
6 60 10
6 62 7
6 65 4
6 68 5
6 69 3
6 71 6
6 74 9
6 75 5
6 78 10
6 81 9
6 88 4
6 89 2
6 94 2
6 96 5
6 97 9
7 2 6
7 5 4
7 8 4
7 11 1
7 12 10
7 21 8
7 30 9
7 37 3
7 46 5
7 49 4
7 53 4
7 64 2
7 68 8
7 77 4
7 79 2
7 86 7
7 88 3
7 94 3
7 99 1
8 1 8
8 4 1
8 6 5
8 9 1
8 12 8
8 14 9
8 15 3
8 19 8
8 21 2
8 25 1
8 32 1
8 34 2
8 36 3
8 37 9
8 38 9
8 39 2
8 44 2
8 45 2
8 46 8
8 51 4
8 52 9
8 55 7
8 57 1
8 68 3
8 74 2
8 76 10
8 81 5
8 93 10
8 97 2
8 99 6
9 3 5
9 5 4
9 12 9
9 15 2
9 20 5
9 38 5
9 43 6
9 44 8
9 48 4
9 49 6
9 56 9
9 57 10
9 60 8
9 62 2
9 65 5
9 68 2
9 70 2
9 75 8
9 80 7
9 84 3
9 86 6
9 88 10
9 90 2
9 95 2
9 98 8
10 7 10
10 12 4
10 14 6
10 18 4
10 30 8
10 31 10
10 32 5
10 40 4
10 41 1
10 43 4
10 52 8
10 57 3
10 59 9
10 61 2
10 62 6
10 65 9
10 69 2
10 76 4
10 78 4
10 86 8
10 92 7
10 97 3
11 2 8
11 14 3
11 18 10
11 19 6
11 21 1
11 25 5
11 28 4
11 29 7
11 30 10
11 37 5
11 42 5
11 43 1
11 44 7
11 45 8
11 48 3
11 57 6
11 63 10
11 70 3
11 73 3
11 76 2
11 78 1
11 81 10
11 83 2
11 92 10
11 99 8
12 14 7
12 15 10
12 23 10
12 26 5
12 33 9
12 40 5
12 41 3
12 42 1
12 48 9
12 59 5
12 66 6
12 74 10
12 82 6
12 83 6
12 89 7
12 94 3
12 96 6
13 6 6
13 7 6
13 8 10
13 12 4
13 18 5
13 21 8
13 25 6
13 39 7
13 41 8
13 42 3
13 46 6
13 47 7
13 48 6
13 53 7
13 60 3
13 63 8
13 64 2
13 74 4
13 87 8
13 88 8
13 90 10
13 92 5
13 93 8
13 95 2
13 97 3
14 2 2
14 5 3
14 13 8
14 17 8
14 20 3
14 21 7
14 24 10
14 33 6
14 40 4
14 44 2
14 52 5
14 56 3
14 57 10
14 59 5
14 60 9
14 61 3
14 62 8
14 65 10
14 67 10
14 68 9
14 74 4
14 79 1
14 81 3
14 83 1
14 85 5
14 88 9
14 89 7
14 91 9
14 99 1
15 2 7
15 5 3
15 6 10
15 7 9
15 10 2
15 22 8
15 28 9
15 29 1
15 30 10
15 34 6
15 36 3
15 39 9
15 45 6
15 47 10
15 53 9
15 57 10
15 59 5
15 60 2
15 63 9
15 65 10
15 77 2
15 83 8
15 86 7
15 99 1
16 15 9
16 19 7
16 20 6
16 30 3
16 33 9
16 38 6
16 39 7
16 42 9
16 44 4
16 45 6
16 47 8
16 55 7
16 56 7
16 59 7
16 65 4
16 75 5
16 83 6
16 86 8
16 89 3
16 93 1
16 96 7
17 3 2
17 9 6
17 16 2
17 18 4
17 19 5
17 20 4
17 21 10
17 22 5
17 23 4
17 27 9
17 31 1
17 35 8
17 36 2
17 40 5
17 43 5
17 44 10
17 53 5
17 59 10
17 63 5
17 64 2
17 67 7
17 68 3
17 76 8
17 82 7
17 83 6
17 86 3
17 91 3
17 92 8
17 95 6
17 99 8
18 4 3
18 7 1
18 8 2
18 12 10
18 15 5
18 20 5
18 26 10
18 33 7
18 38 1
18 40 2
18 41 7
18 45 3
18 53 10
18 57 2
18 60 4
18 62 4
18 64 7
18 66 9
18 71 8
18 73 6
18 89 8
18 95 10
19 5 9
19 9 8
19 10 2
19 15 8
19 18 8
19 22 1
19 26 1
19 27 9
19 28 9
19 35 5
19 49 10
19 53 8
19 55 10
19 64 3
19 65 4
19 67 4
19 69 10
19 70 2
19 72 7
19 73 4
19 75 6
19 79 9
19 85 10
19 86 6
19 87 1
19 88 3
19 93 9
19 97 8
20 7 2
20 13 10
20 26 3
20 27 1
20 29 8
20 32 3
20 39 6
20 41 3
20 45 4
20 51 1
20 55 2
20 58 10
20 60 1
20 62 4
20 64 6
20 73 2
20 77 4
20 82 3
20 87 10
20 88 4
20 93 5
20 97 10
20 99 1
21 1 9
21 4 1
21 10 4
21 15 7
21 20 2
21 24 8
21 33 10
21 38 4
21 39 3
21 51 8
21 52 2
21 60 9
21 61 1
21 62 10
21 65 7
21 66 5
21 68 8
21 72 8
21 76 9
21 82 10
21 85 4
21 87 7
21 88 6
21 89 7
21 91 7
21 92 8
21 93 2
21 94 1
21 98 7
22 2 10
22 5 3
22 8 5
22 10 4
22 18 4
22 35 9
22 38 6
22 43 5
22 44 5
22 53 8
22 54 4
22 58 3
22 66 9
22 82 2
22 86 1
22 89 3
22 90 10
22 95 7
22 97 5
23 3 8
23 4 8
23 7 4
23 8 6
23 9 2
23 13 9
23 15 2
23 16 7
23 27 10
23 30 8
23 32 3
23 36 6
23 41 7
23 42 8
23 48 6
23 49 2
23 59 1
23 63 8
23 64 2
23 69 10
23 70 1
23 74 9
23 77 8
23 79 9
23 82 10
23 84 4
23 85 6
23 93 10
23 96 2
24 1 3
24 3 4
24 4 2
24 7 3
24 8 4
24 12 10
24 18 5
24 19 6
24 27 6
24 33 2
24 37 10
24 39 4
24 49 2
24 53 2
24 55 1
24 60 6
24 75 5
24 76 1
24 79 4
24 80 10
24 81 6
24 83 7
24 86 6
24 88 1
24 91 5
24 99 6
25 16 1
25 17 4
25 20 6
25 30 10
25 38 5
25 39 8
25 41 3
25 42 5
25 43 4
25 50 10
25 53 10
25 60 5
25 64 3
25 69 8
25 71 6
25 73 1
25 74 7
25 77 9
25 82 6
25 85 6
25 86 4
25 90 10
25 95 10
25 97 1
25 98 6
25 99 5
26 2 9
26 8 4
26 9 1
26 10 8
26 11 3
26 34 10
26 36 2
26 41 3
26 42 7
26 47 7
26 52 6
26 54 7
26 55 8
26 56 5
26 57 5
26 68 3
26 75 5
26 77 10
26 80 8
26 85 7
26 90 9
26 96 3
27 2 10
27 4 7
27 6 5
27 7 2
27 10 2
27 11 3
27 12 2
27 13 9
27 18 9
27 22 9
27 26 5
27 33 9
27 41 7
27 42 9
27 45 5
27 46 5
27 48 10
27 51 2
27 52 6
27 58 8
27 59 3
27 68 3
27 70 1
27 77 1
27 80 3
27 81 9
27 85 9
27 88 1
27 89 10
27 92 1
27 94 4
27 98 4
28 10 2
28 14 7
28 16 9
28 18 6
28 20 9
28 21 8
28 22 5
28 23 8
28 24 8
28 30 7
28 31 8
28 39 3
28 42 2
28 45 7
28 46 1
28 47 8
28 49 8
28 54 2
28 55 6
28 59 2
28 60 8
28 63 4
28 64 7
28 67 10
28 69 9
28 74 3
28 76 1
28 77 10
28 79 1
28 81 3
28 82 3
28 86 9
28 87 5
28 90 7
28 91 8
28 92 9
28 99 10
29 8 5
29 14 9
29 16 5
29 17 1
29 19 3
29 21 3
29 23 4
29 26 10
29 28 5
29 30 2
29 33 9
29 41 3
29 57 5
29 60 3
29 63 6
29 65 4
29 69 5
29 73 1
29 74 10
29 78 9
29 80 4
29 86 1
29 91 1
29 92 7
29 94 10
29 96 3
30 4 3
30 6 2
30 8 4
30 9 8
30 12 1
30 19 8
30 24 2
30 32 4
30 38 6
30 39 8
30 40 6
30 44 2
30 56 4
30 60 7
30 61 4
30 63 4
30 68 9
30 69 2
30 76 9
30 82 2
30 83 1
30 93 7
31 14 8
31 16 8
31 22 1
31 24 10
31 25 6
31 33 8
31 40 5
31 44 5
31 47 8
31 53 10
31 55 10
31 64 3
31 67 1
31 81 1
31 82 3
31 87 3
31 88 8
31 89 10
31 96 8
31 97 10
31 99 7
32 1 8
32 7 8
32 9 5
32 13 2
32 14 2
32 18 6
32 29 5
32 36 6
32 37 7
32 43 3
32 45 7
32 48 2
32 50 9
32 53 9
32 70 5
32 72 5
32 76 2
32 80 10
32 81 8
32 86 9
32 90 5
32 91 10
32 94 2
32 99 1
33 7 9
33 10 3
33 15 6
33 17 7
33 25 5
33 26 9
33 28 2
33 45 2
33 47 8
33 50 3
33 53 9
33 58 4
33 60 2
33 64 9
33 66 4
33 68 4
33 70 3
33 73 6
33 88 2
33 89 6
33 93 1
33 95 7
33 99 7
34 5 3
34 7 6
34 9 5
34 12 6
34 21 5
34 23 4
34 24 8
34 27 2
34 33 10
34 36 6
34 38 4
34 47 3
34 49 3
34 51 4
34 53 3
34 56 9
34 61 6
34 78 7
34 80 5
34 81 7
34 86 2
34 87 6
34 93 10
34 99 9
35 8 6
35 11 3
35 13 8
35 15 5
35 23 8
35 24 10
35 26 1
35 27 3
35 37 1
35 38 5
35 42 9
35 46 2
35 49 6
35 50 9
35 52 7
35 57 10
35 60 9
35 68 4
35 69 2
35 73 8
35 74 8
35 89 8
35 93 9
35 99 2
36 5 7
36 7 6
36 12 4
36 14 9
36 18 6
36 25 6
36 27 4
36 31 1
36 40 5
36 41 10
36 42 1
36 46 6
36 47 10
36 52 5
36 54 7
36 56 7
36 74 8
36 80 5
36 84 6
36 90 8
36 92 5
36 94 10
36 96 8
36 99 4
37 4 9
37 6 9
37 10 2
37 14 10
37 21 4
37 25 2
37 26 6
37 33 9
37 36 5
37 42 8
37 44 6
37 45 1
37 50 8
37 52 7
37 53 6
37 56 1
37 61 1
37 67 9
37 69 10
37 74 3
37 76 9
37 80 7
37 97 6
37 99 4
38 3 4
38 6 9
38 7 2
38 11 8
38 13 10
38 19 4
38 20 2
38 24 10
38 29 10
38 32 8
38 37 10
38 40 6
38 45 10
38 46 8
38 51 6
38 54 3
38 65 3
38 70 10
38 75 5
38 91 4
38 97 9
39 2 9
39 3 5
39 6 4
39 7 4
39 9 4
39 18 5
39 22 5
39 33 8
39 34 3
39 36 2
39 37 4
39 38 9
39 43 4
39 50 6
39 55 8
39 58 3
39 60 7
39 64 5
39 65 1
39 69 2
39 72 4
39 73 3
39 76 3
39 78 7
39 80 5
39 81 3
39 83 1
39 89 3
39 91 8
39 92 9
39 93 2
40 6 4
40 9 7
40 21 9
40 23 2
40 25 3
40 26 7
40 28 3
40 35 4
40 47 5
40 51 10
40 52 1
40 56 5
40 58 5
40 59 1
40 70 1
40 76 8
40 93 5
41 1 5
41 3 8
41 5 6
41 11 3
41 14 8
41 19 1
41 21 6
41 24 7
41 32 5
41 38 6
41 39 7
41 40 9
41 44 3
41 49 1
41 53 4
41 59 8
41 64 10
41 69 1
41 72 10
41 80 6
41 81 5
41 88 5
41 90 3
41 97 10
41 99 2
42 4 9
42 7 10
42 8 4
42 9 3
42 15 4
42 19 6
42 29 4
42 31 2
42 33 5
42 40 1
42 44 2
42 49 8
42 57 10
42 60 4
42 71 7
42 72 4
42 73 2
42 76 7
42 77 3
42 80 7
42 89 7
42 94 3
42 95 1
42 96 4
43 4 9
43 12 2
43 16 7
43 18 1
43 19 9
43 21 9
43 23 5
43 24 3
43 28 5
43 31 6
43 33 2
43 38 4
43 40 3
43 47 2
43 48 9
43 59 10
43 60 4
43 63 6
43 68 7
43 71 6
43 72 7
43 79 10
43 81 5
43 85 10
43 86 4
43 96 5
43 99 2
44 1 5
44 6 7
44 7 8
44 15 7
44 27 2
44 33 6
44 35 6
44 36 3
44 38 5
44 47 10
44 48 2
44 54 8
44 59 7
44 65 10
44 66 5
44 67 6
44 68 6
44 71 9
44 72 9
44 76 5
44 80 2
44 88 3
44 97 6
44 98 2
45 5 1
45 7 7
45 9 1
45 14 9
45 17 8
45 19 8
45 21 7
45 22 9
45 24 2
45 31 7
45 35 5
45 40 7
45 42 6
45 46 3
45 48 3
45 49 6
45 53 4
45 64 4
45 68 2
45 74 8
45 79 2
45 84 10
45 85 1
45 87 7
45 94 6
45 98 2
45 99 2
46 2 3
46 4 1
46 9 8
46 12 5
46 18 2
46 19 7
46 22 10
46 23 2
46 25 7
46 34 2
46 37 1
46 42 1
46 47 5
46 48 3
46 53 3
46 59 5
46 65 9
46 68 2
46 72 9
46 75 9
46 76 3
46 79 8
46 82 8
46 85 2
46 87 10
46 92 10
46 95 3
47 8 2
47 11 10
47 17 4
47 18 9
47 21 9
47 23 7
47 27 6
47 30 2
47 32 8
47 35 9
47 39 2
47 42 2
47 65 1
47 68 2
47 71 6
47 73 4
47 76 8
47 77 4
47 79 8
47 84 7
47 86 2
47 87 5
47 91 9
47 99 3
48 2 2
48 3 1
48 7 7
48 14 7
48 19 8
48 22 9
48 25 5
48 29 4
48 30 4
48 31 5
48 39 7
48 40 3
48 42 3
48 47 7
48 50 8
48 53 9
48 56 8
48 60 8
48 67 3
48 68 4
48 70 9
48 71 1
48 78 5
48 79 8
48 82 4
48 83 9
48 86 5
48 87 5
48 88 1
49 4 1
49 13 10
49 15 9
49 25 4
49 43 7
49 46 3
49 48 7
49 54 3
49 55 9
49 59 8
49 60 3
49 65 9
49 66 4
49 76 2
49 79 10
49 81 6
49 86 5
49 94 1
49 99 5
50 2 5
50 5 5
50 7 6
50 10 1
50 12 10
50 13 7
50 14 3
50 17 7
50 19 1
50 24 1
50 38 1
50 41 8
50 43 10
50 46 1
50 47 1
50 55 2
50 57 5
50 62 9
50 63 6
50 68 3
50 78 7
50 79 7
50 80 10
50 81 8
50 82 6
50 88 3
50 90 10
50 96 8
50 98 2
51 1 10
51 6 1
51 9 10
51 10 10
51 16 10
51 22 1
51 25 4
51 31 2
51 36 9
51 41 1
51 56 4
51 67 8
51 71 8
51 75 3
51 77 8
51 79 9
51 80 8
51 85 2
51 86 5
52 1 7
52 2 4
52 3 5
52 4 1
52 5 5
52 7 10
52 13 10
52 15 9
52 23 10
52 24 2
52 29 7
52 32 9
52 42 7
52 55 10
52 56 4
52 60 8
52 63 4
52 65 5
52 66 6
52 69 3
52 80 8
52 83 5
52 90 6
52 99 5
53 3 8
53 5 8
53 8 5
53 16 10
53 21 2
53 27 1
53 28 5
53 35 10
53 38 6
53 39 4
53 44 3
53 49 1
53 56 4
53 63 2
53 82 9
53 93 4
53 94 9
53 98 3
53 99 1
54 1 5
54 6 1
54 8 2
54 10 9
54 11 1
54 15 10
54 17 10
54 18 4
54 21 1
54 29 6
54 37 1
54 40 2
54 41 6
54 43 10
54 47 7
54 48 3
54 62 9
54 73 7
54 82 7
54 86 8
54 88 7
55 7 4
55 13 10
55 18 7
55 22 7
55 23 3
55 25 10
55 29 3
55 32 9
55 33 7
55 36 3
55 37 1
55 40 9
55 43 8
55 46 3
55 51 1
55 57 5
55 60 5
55 65 6
55 66 2
55 67 8
55 71 10
55 74 9
55 75 3
55 76 5
55 82 4
55 83 1
55 88 5
55 92 9
55 96 4
55 97 8
55 99 6
56 2 4
56 4 9
56 17 8
56 18 3
56 19 1
56 20 1
56 22 1
56 24 7
56 25 1
56 31 7
56 41 8
56 54 10
56 57 8
56 65 6
56 73 2
56 75 7
56 76 6
56 81 5
56 82 4
56 85 5
56 88 9
56 94 8
56 98 8
57 1 9
57 4 8
57 12 10
57 21 3
57 22 5
57 36 8
57 43 7
57 44 5
57 48 7
57 52 8
57 63 6
57 65 9
57 68 3
57 69 2
57 74 3
57 76 1
57 78 8
57 79 1
57 83 5
57 90 6
57 99 8
58 6 5
58 9 2
58 10 5
58 12 2
58 13 10
58 16 4
58 17 10
58 31 5
58 41 5
58 46 1
58 51 8
58 52 8
58 54 3
58 59 4
58 63 2
58 73 7
58 84 4
58 85 8
58 87 3
58 89 6
58 94 8
58 96 4
58 97 7
58 99 10
59 1 7
59 13 7
59 19 9
59 20 4
59 24 3
59 30 10
59 33 5
59 34 7
59 38 8
59 47 9
59 50 9
59 52 2
59 62 6
59 66 9
59 68 3
59 80 2
59 84 6
59 85 10
59 90 1
59 98 2
59 99 5
60 8 4
60 12 6
60 17 7
60 31 2
60 37 9
60 46 8
60 54 9
60 61 3
60 66 3
60 75 2
60 76 6
60 79 8
60 82 2
60 85 6
60 86 1
60 90 4
60 92 8
60 93 3
60 94 5
60 99 2
61 8 3
61 12 1
61 16 10
61 18 6
61 19 6
61 23 1
61 29 6
61 32 9
61 33 4
61 38 10
61 41 4
61 44 2
61 45 5
61 48 10
61 50 5
61 53 2
61 56 4
61 65 9
61 69 1
61 70 7
61 72 2
61 74 9
61 78 5
61 85 10
61 87 2
61 88 7
61 89 8
61 98 8
61 99 8
62 2 5
62 3 7
62 4 4
62 8 7
62 15 2
62 16 7
62 17 4
62 19 5
62 35 9
62 36 7
62 39 10
62 40 1
62 46 6
62 48 6
62 52 1
62 53 4
62 63 8
62 66 1
62 69 3
62 83 7
62 84 6
62 85 2
62 87 4
62 96 8
63 4 9
63 8 3
63 26 7
63 31 9
63 36 7
63 37 9
63 44 5
63 45 10
63 47 2
63 56 7
63 60 7
63 65 4
63 73 9
63 75 1
63 82 8
63 85 8
63 97 6
63 99 2
64 3 7
64 4 3
64 5 7
64 6 6
64 8 3
64 10 2
64 14 2
64 15 2
64 16 9
64 22 2
64 34 4
64 35 2
64 38 8
64 40 7
64 43 5
64 46 6
64 49 7
64 53 2
64 55 2
64 57 8
64 58 9
64 61 9
64 68 5
64 75 9
64 78 1
64 82 6
64 86 10
64 87 7
64 90 4
64 92 7
64 93 1
64 94 7
64 95 3
64 99 4
65 3 5
65 4 7
65 12 9
65 24 5
65 25 7
65 26 3
65 32 7
65 34 5
65 36 6
65 37 6
65 45 10
65 48 1
65 53 6
65 68 6
65 72 4
65 74 5
65 75 7
65 76 3
65 78 5
65 80 9
65 84 2
65 90 10
65 91 8
65 99 9
66 4 6
66 5 5
66 6 5
66 7 6
66 11 4
66 17 8
66 19 10
66 27 9
66 32 5
66 37 3
66 39 10
66 42 4
66 43 9
66 46 2
66 58 1
66 63 8
66 69 10
66 70 5
66 71 8
66 82 4
66 86 7
66 87 5
66 89 5
66 94 2
66 95 2
66 97 5
66 99 3
67 8 4
67 11 8
67 22 1
67 30 1
67 36 7
67 39 9
67 41 1
67 47 2
67 50 7
67 52 8
67 59 6
67 61 4
67 69 2
67 76 4
67 81 1
67 84 5
67 85 5
67 95 3
67 98 2
67 99 3
68 1 1
68 2 6
68 4 1
68 11 8
68 22 5
68 25 2
68 28 6
68 29 10
68 31 10
68 36 1
68 39 3
68 41 6
68 42 2
68 52 3
68 53 4
68 55 8
68 60 8
68 61 9
68 62 6
68 69 2
68 72 8
68 78 2
68 79 10
68 81 3
68 82 3
68 84 3
68 91 4
68 93 7
69 1 5
69 9 4
69 14 3
69 17 5
69 21 9
69 22 10
69 31 3
69 38 2
69 40 5
69 45 1
69 47 2
69 50 7
69 58 8
69 59 1
69 60 9
69 63 2
69 64 8
69 78 7
69 81 4
69 95 6
69 97 3
69 98 5
69 99 10
70 7 10
70 10 10
70 15 9
70 22 2
70 24 2
70 25 2
70 35 1
70 36 2
70 42 10
70 43 9
70 49 8
70 54 8
70 57 3
70 60 8
70 62 5
70 69 6
70 72 3
70 79 2
70 80 2
70 82 4
70 90 10
70 92 4
70 94 1
70 95 4
70 98 8
70 99 9
71 2 5
71 4 10
71 10 8
71 11 4
71 16 1
71 17 4
71 22 5
71 34 9
71 35 5
71 37 4
71 38 2
71 45 4
71 52 6
71 65 9
71 68 6
71 72 5
71 76 7
71 84 5
71 95 7
71 96 10
71 97 4
71 99 10
72 1 6
72 4 8
72 5 5
72 9 4
72 11 1
72 12 5
72 18 6
72 23 8
72 50 4
72 51 1
72 54 10
72 57 4
72 60 7
72 62 7
72 64 4
72 80 10
72 82 8
72 85 10
72 86 3
72 89 6
72 91 10
72 94 4
72 96 7
73 2 3
73 15 4
73 16 5
73 22 1
73 26 9
73 27 3
73 43 4
73 46 3
73 50 2
73 51 2
73 57 7
73 61 8
73 62 8
73 66 9
73 67 5
73 78 5
73 80 3
73 81 8
73 82 9
73 87 10
73 91 8
73 92 3
73 99 8
74 2 8
74 3 8
74 5 7
74 24 9
74 33 10
74 39 2
74 40 3
74 46 10
74 47 2
74 49 8
74 51 10
74 58 8
74 62 6
74 63 1
74 69 5
74 71 6
74 77 8
74 80 1
74 82 9
74 83 3
74 87 6
74 90 5
74 91 6
74 98 9
74 99 8
75 14 8
75 18 8
75 21 8
75 31 9
75 34 5
75 35 8
75 36 2
75 40 8
75 42 2
75 47 7
75 53 6
75 54 3
75 61 3
75 69 10
75 72 7
75 82 4
75 87 5
75 88 7
75 92 7
75 95 4
75 96 6
75 99 1
76 3 1
76 9 9
76 12 7
76 20 7
76 26 10
76 27 9
76 38 8
76 48 5
76 50 7
76 53 3
76 54 2
76 59 9
76 61 5
76 62 1
76 63 3
76 75 3
76 77 7
76 83 1
76 84 10
77 4 9
77 8 4
77 10 5
77 14 6
77 16 6
77 22 10
77 30 6
77 31 8
77 35 6
77 44 2
77 52 3
77 56 1
77 57 8
77 61 10
77 67 4
77 73 1
77 84 2
77 88 8
77 91 6
78 3 7
78 8 1
78 12 10
78 13 4
78 14 5
78 16 1
78 18 1
78 19 2
78 21 7
78 23 8
78 24 5
78 32 5
78 33 6
78 35 4
78 40 3
78 41 6
78 43 6
78 44 9
78 47 6
78 49 8
78 52 9
78 54 3
78 55 4
78 56 6
78 63 2
78 66 2
78 70 10
78 74 9
78 76 5
78 77 3
78 79 10
78 83 10
78 86 9
79 4 10
79 10 6
79 16 9
79 17 1
79 22 8
79 25 10
79 26 1
79 31 1
79 32 8
79 33 9
79 38 4
79 40 5
79 42 10
79 55 4
79 56 5
79 61 3
79 62 1
79 69 3
79 71 7
79 72 8
79 76 8
79 82 6
79 84 3
79 86 10
79 87 5
79 89 9
79 93 10
79 96 9
79 98 8
80 3 9
80 7 5
80 11 1
80 19 3
80 22 7
80 30 1
80 33 2
80 35 8
80 40 5
80 43 3
80 46 1
80 47 2
80 48 8
80 53 5
80 56 2
80 58 8
80 60 6
80 61 3
80 67 6
80 71 10
80 75 5
80 84 10
80 96 10
80 98 9
80 99 6
81 2 7
81 16 8
81 26 2
81 45 8
81 47 1
81 51 4
81 53 3
81 57 8
81 59 7
81 60 5
81 64 5
81 66 9
81 70 4
81 71 10
81 72 2
81 82 3
81 85 4
81 86 6
81 89 1
81 90 10
81 97 6
82 5 6
82 8 1
82 9 2
82 11 10
82 15 7
82 29 3
82 32 1
82 35 3
82 40 9
82 51 10
82 52 7
82 57 4
82 58 7
82 59 9
82 62 7
82 65 8
82 77 10
82 85 7
82 86 7
82 88 9
82 89 9
82 91 5
82 92 6
82 97 6
82 99 2
83 3 4
83 4 9
83 8 2
83 10 8
83 13 7
83 20 10
83 22 1
83 34 7
83 35 6
83 37 8
83 38 10
83 40 7
83 41 3
83 46 1
83 49 4
83 50 7
83 53 8
83 56 2
83 65 2
83 73 3
83 79 2
83 81 7
83 82 7
83 84 10
83 87 2
83 89 9
83 91 1
83 97 10
83 99 1
84 2 5
84 7 6
84 13 6
84 15 9
84 16 1
84 19 9
84 21 1
84 26 3
84 32 10
84 33 2
84 37 9
84 38 7
84 40 1
84 43 2
84 56 5
84 60 7
84 69 6
84 70 7
84 81 5
84 82 9
84 85 5
84 90 2
84 96 9
85 7 9
85 13 7
85 16 4
85 24 1
85 29 5
85 30 7
85 35 4
85 37 9
85 39 3
85 40 7
85 41 1
85 47 5
85 50 3
85 52 9
85 54 4
85 57 6
85 66 8
85 70 8
85 71 6
85 75 9
85 77 6
85 79 5
85 80 7
85 83 7
85 95 6
85 98 3
86 1 6
86 3 1
86 5 5
86 12 2
86 14 10
86 20 5
86 30 10
86 35 3
86 36 9
86 41 3
86 42 2
86 45 2
86 56 2
86 63 9
86 73 9
86 75 9
86 80 9
86 83 3
86 85 2
86 88 7
86 90 9
87 7 8
87 8 3
87 12 7
87 15 7
87 25 4
87 26 9
87 36 10
87 39 9
87 40 4
87 42 7
87 43 10
87 52 9
87 63 8
87 68 10
87 76 1
87 86 4
87 88 9
87 93 1
87 94 8
87 95 5
87 98 3
88 4 4
88 11 9
88 17 4
88 18 6
88 23 2
88 26 4
88 29 7
88 32 4
88 40 8
88 42 10
88 43 8
88 45 10
88 62 1
88 63 3
88 67 7
88 78 6
88 79 1
88 95 10
88 97 6
88 98 10
88 99 4
89 2 10
89 11 4
89 19 6
89 23 1
89 25 1
89 36 8
89 38 6
89 41 3
89 43 3
89 45 9
89 52 1
89 60 1
89 64 9
89 68 10
89 80 7
89 84 9
89 86 1
89 88 1
89 93 5
89 98 3
90 6 10
90 7 9
90 14 3
90 19 1
90 20 9
90 23 5
90 29 10
90 34 1
90 37 4
90 38 3
90 42 7
90 43 1
90 44 5
90 46 7
90 47 3
90 56 9
90 58 4
90 71 2
90 72 4
90 76 4
90 78 3
90 83 10
90 85 9
90 88 10
90 93 1
90 97 5
90 99 6
91 1 10
91 2 2
91 6 10
91 11 6
91 13 8
91 19 10
91 20 7
91 27 5
91 30 2
91 31 1
91 36 10
91 41 8
91 42 1
91 46 1
91 53 4
91 54 1
91 56 4
91 60 6
91 61 1
91 63 2
91 64 10
91 66 9
91 69 6
91 71 8
91 76 7
91 78 3
91 87 2
91 90 4
91 95 7
91 97 4
92 9 7
92 12 10
92 14 2
92 20 2
92 23 10
92 25 8
92 30 10
92 38 1
92 43 8
92 47 8
92 51 7
92 69 7
92 78 6
92 79 3
92 83 9
92 85 7
92 88 10
92 95 10
92 99 7
93 1 4
93 3 6
93 6 1
93 9 5
93 12 5
93 14 2
93 18 4
93 26 8
93 45 4
93 46 6
93 51 9
93 52 5
93 55 4
93 57 8
93 58 5
93 61 2
93 65 8
93 67 1
93 73 5
93 75 4
93 77 4
93 78 5
93 81 1
93 82 3
93 83 4
93 88 8
93 92 5
93 94 1
94 1 8
94 3 1
94 14 3
94 19 6
94 22 3
94 25 10
94 26 10
94 31 8
94 39 3
94 43 10
94 44 9
94 54 7
94 59 2
94 63 9
94 65 5
94 67 5
94 74 4
94 83 8
94 84 5
94 85 7
94 99 1
95 1 6
95 3 1
95 5 9
95 10 5
95 12 6
95 14 7
95 15 7
95 21 5
95 27 6
95 29 1
95 30 8
95 31 6
95 36 8
95 38 1
95 39 1
95 40 1
95 43 2
95 48 4
95 49 4
95 52 6
95 61 9
95 68 4
95 72 3
95 74 8
95 76 7
95 78 6
95 81 3
95 83 7
95 86 7
95 89 5
95 90 3
95 97 1
96 2 10
96 7 7
96 8 1
96 9 9
96 13 4
96 14 2
96 20 6
96 21 7
96 24 1
96 27 6
96 47 1
96 59 1
96 61 1
96 63 7
96 65 7
96 66 6
96 67 6
96 74 6
96 82 8
96 83 5
96 92 7
96 94 6
96 97 1
96 99 3
97 7 8
97 9 9
97 11 6
97 12 10
97 16 8
97 23 10
97 28 10
97 34 6
97 45 3
97 47 8
97 48 2
97 50 8
97 53 9
97 54 8
97 56 7
97 59 8
97 60 5
97 62 7
97 68 7
97 73 7
97 74 5
97 77 8
97 79 1
97 85 1
97 93 8
98 6 1
98 12 9
98 13 5
98 15 2
98 20 3
98 22 3
98 24 5
98 26 6
98 32 6
98 34 2
98 39 5
98 40 8
98 42 5
98 51 8
98 54 3
98 73 4
98 90 4
98 91 4
98 92 8
98 95 7
98 97 3
