100
2538
0 3 8
0 5 4
0 7 9
0 8 3
0 9 2
0 12 2
0 13 2
0 15 6
0 19 5
0 22 5
0 24 4
0 25 4
0 31 3
0 32 3
0 33 2
0 37 7
0 40 10
0 41 5
0 43 10
0 44 10
0 45 6
0 47 3
0 48 6
0 51 4
0 53 3
0 55 1
0 56 9
0 58 6
0 59 10
0 60 6
0 62 7
0 67 2
0 69 7
0 70 6
0 71 2
0 73 4
0 74 4
0 75 2
0 77 2
0 79 3
0 80 10
0 81 3
0 82 3
0 85 2
0 86 10
0 87 3
0 88 8
0 90 9
0 98 7
0 99 9
1 10 6
1 15 10
1 21 1
1 23 8
1 27 2
1 28 3
1 31 5
1 35 9
1 42 6
1 46 5
1 48 8
1 56 7
1 60 4
1 61 8
1 66 2
1 69 1
1 72 1
1 79 7
1 84 7
1 86 8
1 94 10
1 95 7
2 18 2
2 19 1
2 30 2
2 34 10
2 38 6
2 40 1
2 42 7
2 44 1
2 47 7
2 51 1
2 56 3
2 59 9
2 60 5
2 64 7
2 65 3
2 67 5
2 69 3
2 81 5
2 86 3
2 90 10
2 93 9
3 6 5
3 7 4
3 8 4
3 16 6
3 18 10
3 26 4
3 31 1
3 36 9
3 38 7
3 40 4
3 43 3
3 50 8
3 55 3
3 65 2
3 66 5
3 70 8
3 71 5
3 76 5
3 77 1
3 81 5
3 83 4
3 85 9
3 90 5
3 92 3
3 93 3
3 97 10
3 99 6
4 3 1
4 5 10
4 6 8
4 8 5
4 9 7
4 15 1
4 20 8
4 26 10
4 28 3
4 34 4
4 35 9
4 37 2
4 39 1
4 41 6
4 42 4
4 45 1
4 56 9
4 59 7
4 61 4
4 66 3
4 69 5
4 72 3
4 87 6
4 88 8
4 90 7
4 94 8
4 99 6
5 6 10
5 8 7
5 11 7
5 13 7
5 14 5
5 15 9
5 17 9
5 19 5
5 21 3
5 25 7
5 29 7
5 32 8
5 45 4
5 49 1
5 56 6
5 59 6
5 62 6
5 68 8
5 69 9
5 71 10
5 72 5
5 73 3
5 76 3
5 78 3
5 79 2
5 86 1
5 88 7
5 89 4
5 94 5
5 95 5
5 96 7
5 99 7
6 1 2
6 2 5
6 8 5
6 9 1
6 10 9
6 24 10
6 26 8
6 27 2
6 30 10
6 31 2
6 36 4
6 42 6
6 45 5
6 47 8
6 54 9
6 56 7
6 58 3
6 59 9
6 60 6
6 64 7
6 72 9
6 73 4
6 86 7
6 96 10
7 1 7
7 9 1
7 12 2
7 19 3
7 25 8
7 26 5
7 32 4
7 33 4
7 36 10
7 42 3
7 70 4
7 72 6
7 78 7
7 87 9
7 92 3
7 94 8
7 97 10
7 99 1
8 1 8
8 7 3
8 17 9
8 18 7
8 24 3
8 28 4
8 30 10
8 32 1
8 33 6
8 35 8
8 46 9
8 49 2
8 57 4
8 69 4
8 72 4
8 90 5
8 92 6
8 94 6
8 95 1
8 97 5
8 98 9
8 99 2
9 2 2
9 3 5
9 5 6
9 18 4
9 32 1
9 34 5
9 35 10
9 42 10
9 43 5
9 44 4
9 50 7
9 56 2
9 57 2
9 63 9
9 65 9
9 67 7
9 73 10
9 75 6
9 76 3
9 93 9
9 95 7
10 4 2
10 7 1
10 9 5
10 17 4
10 20 7
10 21 3
10 22 7
10 24 10
10 30 3
10 32 4
10 36 10
10 37 1
10 38 9
10 40 1
10 59 10
10 60 5
10 68 1
10 71 5
10 75 1
10 76 5
10 86 8
10 89 7
10 93 10
10 96 6
11 8 1
11 10 7
11 13 7
11 18 3
11 22 7
11 34 4
11 39 10
11 40 7
11 49 5
11 51 4
11 54 3
11 64 10
11 69 5
11 71 9
11 72 6
11 74 10
11 81 9
11 83 4
11 84 1
11 85 6
11 89 8
11 91 10
11 92 1
11 93 6
12 9 5
12 10 8
12 15 3
12 17 10
12 21 5
12 22 5
12 24 5
12 25 7
12 30 8
12 32 8
12 37 7
12 43 2
12 52 4
12 58 9
12 60 6
12 64 3
12 68 10
12 69 6
12 70 6
12 73 7
12 75 1
12 80 5
12 86 4
12 87 9
12 90 5
12 92 1
12 93 5
12 99 7
13 2 6
13 12 1
13 19 3
13 20 3
13 21 8
13 22 1
13 23 2
13 26 7
13 29 1
13 30 10
13 35 3
13 36 7
13 42 9
13 43 1
13 44 10
13 50 6
13 52 5
13 53 8
13 56 7
13 60 4
13 61 1
13 68 9
13 69 4
13 74 3
13 76 3
13 77 7
13 82 9
13 83 9
13 85 3
13 87 9
13 95 6
14 7 10
14 8 7
14 10 6
14 11 5
14 19 1
14 22 2
14 29 3
14 42 9
14 43 7
14 50 8
14 52 10
14 61 1
14 63 8
14 65 5
14 68 1
14 73 4
14 74 5
14 84 8
14 87 5
14 88 7
14 97 6
14 98 3
14 99 9
15 7 2
15 9 8
15 17 3
15 18 9
15 20 9
15 22 8
15 24 4
15 33 6
15 38 7
15 53 8
15 60 10
15 65 6
15 68 7
15 69 9
15 70 6
15 71 8
15 78 2
15 80 7
15 84 10
15 88 5
15 91 9
15 97 6
16 1 6
16 6 4
16 8 10
16 13 10
16 14 2
16 19 10
16 26 4
16 28 9
16 31 9
16 41 3
16 49 9
16 51 9
16 52 4
16 55 9
16 60 1
16 63 8
16 68 9
16 74 2
16 81 8
16 86 1
16 87 5
16 95 5
16 96 5
16 97 1
16 98 1
17 7 3
17 13 8
17 16 9
17 18 8
17 19 7
17 22 2
17 30 6
17 31 5
17 34 1
17 36 2
17 38 1
17 39 8
17 40 8
17 41 4
17 42 10
17 44 10
17 46 2
17 49 1
17 53 3
17 54 10
17 55 10
17 56 5
17 57 4
17 76 1
17 83 6
17 87 9
17 90 9
17 91 2
17 92 8
17 95 3
17 99 5
18 5 4
18 10 8
18 13 7
18 16 9
18 24 3
18 27 7
18 32 10
18 39 9
18 50 5
18 53 3
18 54 3
18 57 7
18 63 3
18 64 3
18 65 9
18 70 7
18 77 10
18 81 9
18 89 2
18 90 10
18 99 5
19 1 2
19 6 9
19 8 5
19 9 7
19 11 2
19 18 3
19 24 4
19 25 7
19 29 6
19 32 10
19 41 9
19 46 4
19 50 2
19 52 9
19 58 4
19 68 4
19 82 4
19 89 4
19 90 4
19 92 7
19 99 4
20 1 9
20 3 6
20 6 8
20 8 7
20 12 3
20 16 6
20 23 8
20 25 7
20 32 7
20 37 4
20 38 2
20 40 8
20 43 3
20 46 6
20 52 10
20 60 7
20 64 8
20 66 8
20 72 10
20 73 10
20 74 2
20 76 10
20 77 10
20 80 1
20 82 7
20 86 7
20 96 7
21 3 1
21 7 3
21 34 4
21 36 8
21 40 2
21 41 6
21 47 7
21 53 5
21 55 2
21 62 3
21 64 10
21 65 7
21 66 8
21 81 2
21 84 7
21 87 9
21 89 9
21 91 8
21 98 2
22 3 4
22 5 1
22 7 4
22 9 10
22 20 8
22 26 9
22 29 8
22 30 6
22 32 7
22 33 9
22 42 10
22 49 2
22 51 1
22 52 1
22 53 10
22 54 10
22 61 5
22 64 1
22 70 1
22 72 2
22 78 7
22 81 1
22 84 9
22 85 1
22 87 6
22 89 7
22 91 4
22 95 5
22 99 7
23 2 1
23 4 7
23 6 10
23 7 4
23 8 6
23 10 1
23 16 4
23 17 2
23 18 2
23 19 3
23 22 10
23 25 9
23 33 7
23 36 2
23 37 6
23 40 2
23 43 10
23 48 8
23 51 10
23 60 3
23 65 8
23 66 5
23 67 10
23 71 6
23 75 5
23 81 9
23 82 10
23 85 7
23 86 2
23 94 1
23 97 7
23 98 2
23 99 8
24 1 5
24 11 10
24 14 4
24 16 5
24 30 9
24 40 7
24 41 5
24 42 7
24 45 7
24 51 1
24 58 8
24 62 5
24 63 8
24 66 7
24 67 6
24 76 5
24 80 8
24 83 9
24 84 6
24 86 6
24 89 2
24 93 8
24 99 5
25 1 10
25 6 10
25 10 9
25 18 1
25 27 1
25 41 2
25 43 7
25 53 5
25 66 2
25 67 8
25 68 4
25 69 3
25 72 4
25 76 9
25 77 6
25 79 4
25 81 7
25 84 8
25 85 5
25 97 6
25 99 7
26 1 5
26 12 9
26 20 7
26 23 4
26 25 5
26 27 7
26 34 6
26 36 2
26 40 2
26 42 6
26 44 1
26 46 2
26 48 5
26 51 2
26 52 10
26 59 3
26 60 8
26 62 4
26 68 9
26 72 10
26 73 10
26 74 2
26 76 6
26 78 7
26 79 7
26 80 5
26 81 3
26 82 7
26 83 8
26 86 1
26 90 7
26 94 5
26 95 3
26 99 6
27 2 3
27 4 10
27 7 6
27 9 1
27 10 1
27 11 6
27 13 9
27 20 4
27 23 5
27 24 1
27 30 7
27 34 9
27 37 4
27 40 8
27 49 3
27 52 10
27 53 9
27 54 9
27 55 6
27 57 10
27 61 6
27 63 5
27 66 10
27 68 7
27 72 5
27 74 6
27 75 1
27 91 7
27 93 4
28 5 7
28 14 10
28 15 1
28 17 9
28 23 2
28 24 7
28 30 2
28 33 10
28 34 2
28 40 7
28 52 6
28 55 4
28 56 5
28 57 1
28 61 9
28 63 2
28 65 5
28 67 9
28 69 9
28 74 1
28 76 3
28 79 4
28 84 10
28 88 9
28 89 2
28 99 2
29 1 3
29 3 2
29 7 2
29 8 8
29 10 8
29 20 7
29 23 2
29 24 6
29 25 2
29 27 1
29 35 1
29 37 4
29 38 4
29 43 2
29 54 10
29 56 10
29 57 1
29 59 4
29 60 7
29 64 9
29 66 4
29 67 6
29 70 5
29 72 1
29 77 8
29 80 7
29 81 5
29 84 5
29 86 3
29 89 2
29 90 3
29 96 6
29 98 8
30 1 4
30 9 9
30 15 2
30 19 7
30 20 8
30 33 2
30 34 8
30 35 7
30 38 8
30 40 6
30 43 10
30 49 4
30 58 10
30 59 10
30 64 2
30 73 7
30 86 2
30 92 7
30 94 1
31 2 5
31 4 6
31 5 8
31 7 2
31 10 10
31 11 2
31 12 8
31 13 6
31 15 3
31 18 7
31 19 7
31 20 8
31 26 1
31 34 10
31 35 2
31 39 10
31 44 1
31 45 2
31 48 7
31 56 9
31 57 6
31 59 2
31 78 1
31 81 6
31 85 9
31 91 7
32 6 10
32 13 4
32 15 8
32 16 4
32 25 6
32 26 3
32 28 7
32 31 10
32 33 10
32 37 4
32 46 3
32 49 8
32 51 4
32 53 4
32 55 6
32 58 4
32 60 8
32 63 3
32 65 10
32 68 1
32 78 10
32 88 4
32 99 1
33 6 9
33 12 2
33 13 3
33 14 3
33 17 2
33 19 4
33 20 2
33 21 9
33 25 5
33 31 5
33 39 1
33 40 4
33 41 6
33 45 7
33 52 3
33 53 1
33 57 3
33 65 1
33 71 10
33 87 3
33 88 6
33 94 5
33 97 7
34 1 2
34 7 3
34 10 2
34 16 7
34 19 5
34 24 3
34 29 7
34 33 7
34 39 2
34 40 9
34 44 2
34 45 8
34 49 10
34 55 7
34 59 9
34 60 8
34 66 1
34 69 9
34 70 7
34 78 3
34 79 10
34 82 2
34 87 3
34 91 1
34 94 2
34 95 9
34 96 2
34 98 3
34 99 5
35 2 4
35 17 6
35 21 2
35 22 2
35 24 8
35 26 8
35 27 1
35 36 9
35 37 1
35 43 8
35 48 2
35 49 5
35 53 5
35 54 9
35 55 5
35 56 10
35 59 5
35 61 3
35 65 1
35 75 10
35 76 4
35 77 7
35 84 3
35 89 6
35 90 5
35 91 9
35 96 3
35 98 9
35 99 10
36 4 9
36 8 8
36 11 4
36 12 10
36 14 1
36 15 2
36 22 5
36 24 4
36 25 2
36 28 7
36 32 6
36 34 1
36 37 5
36 39 9
36 44 6
36 45 1
36 46 6
36 47 7
36 49 6
36 50 4
36 59 5
36 60 5
36 63 8
36 64 4
36 65 9
36 74 5
36 75 2
36 77 7
36 85 1
36 88 3
36 89 7
36 90 8
36 99 9
37 1 5
37 7 1
37 13 10
37 17 1
37 24 7
37 25 7
37 26 4
37 30 4
37 34 5
37 42 1
37 44 7
37 46 7
37 51 5
37 52 6
37 53 6
37 59 10
37 60 6
37 61 1
37 63 3
37 64 8
37 66 8
37 68 6
37 70 8
37 74 8
37 80 9
37 84 5
37 85 3
37 89 10
37 92 8
37 95 9
37 96 1
37 97 8
38 1 6
38 6 10
38 7 1
38 9 9
38 12 8
38 19 9
38 26 9
38 28 7
38 33 4
38 34 10
38 35 9
38 40 3
38 41 6
38 42 7
38 44 9
38 54 3
38 55 7
38 61 1
38 64 6
38 65 4
38 66 5
38 67 6
38 73 1
38 74 3
38 77 1
38 78 7
38 79 3
38 80 10
38 83 2
38 84 1
38 90 10
38 94 2
38 99 5
39 7 2
39 9 1
39 10 4
39 12 3
39 23 7
39 32 6
39 35 1
39 40 10
39 41 1
39 43 1
39 53 9
39 57 7
39 67 7
39 69 2
39 70 2
39 71 3
39 74 8
39 77 2
39 79 8
39 80 10
39 81 10
39 82 4
39 86 9
39 91 8
39 92 4
39 93 1
39 97 9
39 98 10
39 99 2
40 1 9
40 5 5
40 6 5
40 14 8
40 15 2
40 16 9
40 18 2
40 22 10
40 32 4
40 36 7
40 44 3
40 53 4
40 61 5
40 65 10
40 69 6
40 71 8
40 74 1
40 80 8
40 93 5
41 7 10
41 8 9
41 9 10
41 12 5
41 18 6
41 22 10
41 23 6
41 27 1
41 29 9
41 36 3
41 40 6
41 44 4
41 49 1
41 53 4
41 54 10
41 67 9
41 71 10
41 72 3
41 80 1
41 83 9
41 95 1
41 99 6
42 5 2
42 11 10
42 15 4
42 18 6
42 23 1
42 30 2
42 31 6
42 33 8
42 36 3
42 39 9
42 44 1
42 46 8
42 47 7
42 48 3
42 53 2
42 54 6
42 55 3
42 63 9
42 66 2
42 71 3
42 73 1
42 78 2
42 79 4
42 80 4
42 82 4
42 96 2
42 98 7
43 7 4
43 19 3
43 22 8
43 24 5
43 26 10
43 28 10
43 31 7
43 44 6
43 45 8
43 47 6
43 57 5
43 61 8
43 66 4
43 72 2
43 75 5
43 92 8
43 94 2
43 99 8
44 1 3
44 6 1
44 8 10
44 10 7
44 14 10
44 18 7
44 19 1
44 22 2
44 23 1
44 24 10
44 27 8
44 28 2
44 33 10
44 46 10
44 49 3
44 54 5
44 55 4
44 68 8
44 81 6
44 84 2
44 85 9
44 90 1
44 93 5
45 2 3
45 8 3
45 13 3
45 15 5
45 19 8
45 21 9
45 25 5
45 26 2
45 27 6
45 30 5
45 44 10
45 47 2
45 49 3
45 53 4
45 58 4
45 60 6
45 61 6
45 64 4
45 65 3
45 68 9
45 69 1
45 70 9
45 84 3
45 85 3
45 89 7
45 90 6
45 94 7
45 99 4
46 4 1
46 5 7
46 10 2
46 11 6
46 13 8
46 16 2
46 22 5
46 31 2
46 35 1
46 41 8
46 50 9
46 53 2
46 54 1
46 55 7
46 57 10
46 63 3
46 64 3
46 66 9
46 68 3
46 69 5
46 73 8
46 80 10
46 86 10
46 91 2
46 95 3
46 96 5
46 98 9
47 4 5
47 5 6
47 12 9
47 13 3
47 15 5
47 22 5
47 24 4
47 27 7
47 29 6
47 30 6
47 34 3
47 38 5
47 40 1
47 50 5
47 64 2
47 66 5
47 75 8
47 80 7
47 82 10
47 85 5
47 99 1
48 7 7
48 8 1
48 18 7
48 22 8
48 25 5
48 29 7
48 36 3
48 37 3
48 43 2
48 45 3
48 50 1
48 54 5
48 58 2
48 59 6
48 61 10
48 68 1
48 70 5
48 74 4
48 77 2
48 79 5
48 83 1
48 87 10
48 89 10
48 94 2
49 10 8
49 12 9
49 19 6
49 23 9
49 25 10
49 31 5
49 51 9
49 52 9
49 54 4
49 58 7
49 71 4
49 83 2
49 95 10
49 97 7
50 2 9
50 8 9
50 12 2
50 16 4
50 21 9
50 22 10
50 23 7
50 25 7
50 27 3
50 29 2
50 31 8
50 33 4
50 39 5
50 43 7
50 49 7
50 52 10
50 54 4
50 55 2
50 58 7
50 63 8
50 71 1
50 73 10
50 76 7
50 77 5
50 78 3
50 83 8
50 99 1
51 14 5
51 27 1
51 28 8
51 30 8
51 33 9
51 34 6
51 36 2
51 38 1
51 39 8
51 40 9
51 41 4
51 42 3
51 43 6
51 45 4
51 48 8
51 54 2
51 57 8
51 63 9
51 68 8
51 69 3
51 73 8
51 74 1
51 90 10
51 91 9
51 95 6
51 96 2
51 99 1
52 1 6
52 2 5
52 7 10
52 9 10
52 11 3
52 15 5
52 23 4
52 25 5
52 30 2
52 31 7
52 32 5
52 35 5
52 39 1
52 41 10
52 42 5
52 47 7
52 48 10
52 60 10
52 66 1
52 70 8
52 73 8
52 74 6
52 81 5
52 88 5
52 94 1
52 96 8
52 97 1
53 1 8
53 3 10
53 7 8
53 8 9
53 11 4
53 14 3
53 16 6
53 20 2
53 23 3
53 24 10
53 26 3
53 38 2
53 43 6
53 47 5
53 50 9
53 51 1
53 52 5
53 56 10
53 57 1
53 61 1
53 68 3
53 70 1
53 78 6
53 84 8
53 92 4
53 99 8
54 3 6
54 4 7
54 7 3
54 10 8
54 13 5
54 15 8
54 20 7
54 21 6
54 24 9
54 33 5
54 36 8
54 53 1
54 55 9
54 64 8
54 67 5
54 68 5
54 70 10
54 71 4
54 73 7
54 74 3
54 77 10
54 79 7
54 91 3
54 94 10
55 2 4
55 6 10
55 10 6
55 13 1
55 15 10
55 18 4
55 22 1
55 25 1
55 30 5
55 39 7
55 41 9
55 45 9
55 52 5
55 53 8
55 56 9
55 57 9
55 58 3
55 66 10
55 73 4
55 83 5
55 91 2
55 92 8
55 94 2
55 96 3
56 10 1
56 11 8
56 18 1
56 24 4
56 27 7
56 32 5
56 33 2
56 40 10
56 41 7
56 49 3
56 52 6
56 59 3
56 64 10
56 69 2
56 81 8
56 84 9
56 86 7
56 90 9
56 91 8
56 94 5
56 98 5
57 3 10
57 4 9
57 12 5
57 19 10
57 20 5
57 22 1
57 23 7
57 25 4
57 26 7
57 32 4
57 34 10
57 37 8
57 40 1
57 41 10
57 45 6
57 48 9
57 49 6
57 50 8
57 54 10
57 56 1
57 58 5
57 63 6
57 69 9
57 72 2
57 73 3
57 74 4
57 78 5
57 95 7
57 96 8
57 97 3
57 99 2
58 2 8
58 5 3
58 7 5
58 8 1
58 9 2
58 16 5
58 18 4
58 22 7
58 26 4
58 29 7
58 31 10
58 33 8
58 37 4
58 39 3
58 43 7
58 44 3
58 51 3
58 56 4
58 66 10
58 73 3
58 74 2
58 80 9
58 84 9
58 92 7
58 96 9
58 97 9
59 1 5
59 3 7
59 11 9
59 12 3
59 13 1
59 20 3
59 24 10
59 25 7
59 32 7
59 38 1
59 40 4
59 44 8
59 47 3
59 51 10
59 53 1
59 60 9
59 62 7
59 64 2
59 66 10
59 68 3
59 69 8
59 71 10
59 74 6
59 75 2
59 79 10
59 81 4
59 82 3
59 84 8
59 85 6
59 89 8
60 3 2
60 8 9
60 19 10
60 22 4
60 28 8
60 33 4
60 44 1
60 49 2
60 54 2
60 56 9
60 58 7
60 66 5
60 67 10
60 73 2
60 75 2
60 77 7
60 78 6
60 89 2
60 91 6
60 95 2
60 99 3
61 6 2
61 9 2
61 11 3
61 16 5
61 21 5
61 23 2
61 25 3
61 30 2
61 32 4
61 34 4
61 41 8
61 46 3
61 54 2
61 59 9
61 60 4
61 65 10
61 67 6
61 71 5
61 72 5
61 73 8
61 82 8
61 99 10
62 2 9
62 4 9
62 8 5
62 10 5
62 13 9
62 14 10
62 16 3
62 19 8
62 22 6
62 23 7
62 25 2
62 31 4
62 34 8
62 36 4
62 39 6
62 43 3
62 44 4
62 47 7
62 49 1
62 57 6
62 63 4
62 65 8
62 72 5
62 78 6
62 83 8
62 89 7
62 90 10
62 96 8
62 97 1
62 98 2
62 99 2
63 1 2
63 3 3
63 5 2
63 7 1
63 12 3
63 13 10
63 19 1
63 23 6
63 26 10
63 29 4
63 31 1
63 35 4
63 39 5
63 41 8
63 47 3
63 49 7
63 52 6
63 54 6
63 56 9
63 58 2
63 60 9
63 71 3
63 74 10
63 78 4
63 80 9
63 84 4
63 86 5
63 93 9
63 96 1
63 99 10
64 1 5
64 4 7
64 5 9
64 13 6
64 23 4
64 24 5
64 25 6
64 26 3
64 33 6
64 39 7
64 43 9
64 50 8
64 51 10
64 53 10
64 55 8
64 58 5
64 60 8
64 67 5
64 74 10
64 78 8
64 79 1
64 82 2
64 87 5
64 89 5
64 92 6
64 93 9
64 94 5
64 95 7
64 99 3
65 1 7
65 7 7
65 10 1
65 11 7
65 12 6
65 13 7
65 19 10
65 43 7
65 44 10
65 49 6
65 52 4
65 53 2
65 54 8
65 58 10
65 59 5
65 64 10
65 68 8
65 77 2
65 78 2
65 92 7
65 95 5
65 97 1
65 99 6
66 5 8
66 6 4
66 7 8
66 13 6
66 16 5
66 17 5
66 19 9
66 26 9
66 30 7
66 35 4
66 39 9
66 41 6
66 44 1
66 45 1
66 48 2
66 54 8
66 57 5
66 61 9
66 63 5
66 67 9
66 70 5
66 82 7
66 87 4
66 89 9
66 90 7
66 97 6
66 98 3
66 99 8
67 3 1
67 6 4
67 7 4
67 8 6
67 12 7
67 13 6
67 14 1
67 15 4
67 18 4
67 19 9
67 27 1
67 31 7
67 35 1
67 37 5
67 44 3
67 48 3
67 52 4
67 68 9
67 69 2
67 73 2
67 79 9
67 80 10
67 85 1
67 96 2
68 2 9
68 6 5
68 9 8
68 11 6
68 18 3
68 20 4
68 21 4
68 30 9
68 31 6
68 38 8
68 40 2
68 43 7
68 57 3
68 58 3
68 62 6
68 63 2
68 69 9
68 77 6
68 89 9
68 99 6
69 7 1
69 10 8
69 14 6
69 22 9
69 23 10
69 29 5
69 38 8
69 47 3
69 52 3
69 53 2
69 58 10
69 61 9
69 62 8
69 70 5
69 73 10
69 75 8
69 77 10
69 78 1
69 80 9
69 84 3
69 86 5
69 89 6
69 97 6
70 4 3
70 5 6
70 6 7
70 8 4
70 10 5
70 11 9
70 14 6
70 20 8
70 21 7
70 23 1
70 28 7
70 31 1
70 33 5
70 36 8
70 38 5
70 46 2
70 51 8
70 56 7
70 57 4
70 58 5
70 60 3
70 63 1
70 65 7
70 67 3
70 71 7
70 72 4
70 73 10
70 80 2
70 84 1
70 92 4
70 94 2
70 97 5
70 99 9
71 2 8
71 4 3
71 6 9
71 9 5
71 16 3
71 18 5
71 25 6
71 28 8
71 34 2
71 46 10
71 47 2
71 57 10
71 58 6
71 62 8
71 67 5
71 73 6
71 80 3
71 81 3
71 91 9
71 95 4
71 96 7
71 99 10
72 2 6
72 9 6
72 10 7
72 14 9
72 15 9
72 24 8
72 28 6
72 33 1
72 34 2
72 36 3
72 40 1
72 44 8
72 45 6
72 56 10
72 59 6
72 63 2
72 73 2
72 81 7
72 96 10
72 97 6
73 2 2
73 7 2
73 8 9
73 21 9
73 22 8
73 29 6
73 39 1
73 40 8
73 43 8
73 48 4
73 59 3
73 64 2
73 65 1
73 78 6
73 80 3
73 85 3
73 90 4
73 94 6
73 95 10
74 1 8
74 2 9
74 3 7
74 4 4
74 6 7
74 7 1
74 10 8
74 12 10
74 19 9
74 22 3
74 23 5
74 24 7
74 31 7
74 42 1
74 43 8
74 44 10
74 49 8
74 65 1
74 66 7
74 68 2
74 72 5
74 77 7
74 87 7
74 88 4
74 91 10
74 95 3
74 96 6
74 99 7
75 2 10
75 3 10
75 5 6
75 7 2
75 11 4
75 21 7
75 26 1
75 41 5
75 42 6
75 48 2
75 49 5
75 51 2
75 61 2
75 67 2
75 76 10
75 79 7
75 84 9
75 86 10
75 88 5
76 11 6
76 15 7
76 16 5
76 18 5
76 19 6
76 27 6
76 32 7
76 34 3
76 37 10
76 43 3
76 44 8
76 45 9
76 47 1
76 49 4
76 52 6
76 56 8
76 59 5
76 67 8
76 68 2
76 69 4
76 77 1
76 82 2
76 85 2
76 87 7
76 89 6
76 97 8
76 99 10
77 1 6
77 5 9
77 6 5
77 7 4
77 8 5
77 9 3
77 11 7
77 16 5
77 17 7
77 19 3
77 22 4
77 28 5
77 31 7
77 32 9
77 33 10
77 34 9
77 40 1
77 41 6
77 46 9
77 47 9
77 49 2
77 56 9
77 59 3
77 62 2
77 67 4
77 70 9
77 71 7
77 72 5
77 81 7
77 85 4
77 88 9
77 92 3
77 93 5
77 95 9
77 99 3
78 9 4
78 12 6
78 13 2
78 16 5
78 17 5
78 20 9
78 21 9
78 23 10
78 33 4
78 37 6
78 44 5
78 46 1
78 49 4
78 51 6
78 58 2
78 66 8
78 67 8
78 70 5
78 71 6
78 72 1
78 75 8
78 83 2
78 85 2
78 87 6
78 91 8
78 95 2
79 3 1
79 10 6
79 11 4
79 13 6
79 18 10
79 19 7
79 29 1
79 30 7
79 32 4
79 33 5
79 36 1
79 37 3
79 45 6
79 52 2
79 55 1
79 56 1
79 57 9
79 60 3
79 63 10
79 66 6
79 69 7
79 70 9
79 80 3
79 81 7
79 84 9
79 86 7
79 89 3
79 90 4
79 93 3
79 94 6
79 99 7
80 3 8
80 4 4
80 7 3
80 14 7
80 16 1
80 17 10
80 27 2
80 28 5
80 31 4
80 34 9
80 35 2
80 43 10
80 48 6
80 54 3
80 59 3
80 60 8
80 65 3
80 78 3
80 89 3
81 6 10
81 7 3
81 12 5
81 14 3
81 24 2
81 27 3
81 30 9
81 35 3
81 41 3
81 42 5
81 45 8
81 49 9
81 50 5
81 54 5
81 57 8
81 60 8
81 64 3
81 65 5
81 66 7
81 68 3
81 69 2
81 95 9
81 98 2
82 3 1
82 5 8
82 8 6
82 9 10
82 11 6
82 15 1
82 18 2
82 25 3
82 27 3
82 31 4
82 36 10
82 45 3
82 46 9
82 48 9
82 49 6
82 50 5
82 51 5
82 52 10
82 58 2
82 60 10
82 62 10
82 67 3
82 68 3
82 69 4
82 77 2
82 80 3
82 85 6
82 87 7
82 91 10
82 95 6
82 98 4
83 2 6
83 4 7
83 5 4
83 16 1
83 19 8
83 21 4
83 27 9
83 28 5
83 29 3
83 31 10
83 33 8
83 34 8
83 35 10
83 37 3
83 40 1
83 45 3
83 47 8
83 51 2
83 52 10
83 57 4
83 58 3
83 60 4
83 63 3
83 64 5
83 70 4
83 73 7
83 81 3
83 85 2
83 91 6
83 92 10
83 98 9
84 3 1
84 6 7
84 12 2
84 16 5
84 17 3
84 23 5
84 27 2
84 36 3
84 48 4
84 52 2
84 64 8
84 71 9
84 80 2
84 82 1
84 83 2
84 93 5
84 95 3
84 99 7
85 4 1
85 12 10
85 19 1
85 20 10
85 21 1
85 27 6
85 29 2
85 32 4
85 40 2
85 41 7
85 42 6
85 48 7
85 52 2
85 55 4
85 56 10
85 61 4
85 62 8
85 71 5
85 81 9
85 86 5
85 92 10
85 93 5
85 94 1
85 96 3
85 98 4
85 99 5
86 3 8
86 4 5
86 7 6
86 8 1
86 17 2
86 19 10
86 25 2
86 31 8
86 33 2
86 35 6
86 37 2
86 40 9
86 42 6
86 44 3
86 47 6
86 48 1
86 52 9
86 58 8
86 59 8
86 64 3
86 70 1
86 74 5
86 77 10
86 87 3
86 91 10
86 99 5
87 8 3
87 11 9
87 18 10
87 20 4
87 29 7
87 32 8
87 35 6
87 45 8
87 50 2
87 51 4
87 53 6
87 56 7
87 61 4
87 71 4
87 73 9
87 77 5
87 90 3
88 2 4
88 7 3
88 13 7
88 18 4
88 20 6
88 22 3
88 24 6
88 25 1
88 26 2
88 30 4
88 31 1
88 37 9
88 41 7
88 43 4
88 47 8
88 50 1
88 51 3
88 53 6
88 58 10
88 72 6
88 85 10
88 86 5
88 87 5
89 4 10
89 6 2
89 7 6
89 8 3
89 9 7
89 12 5
89 17 2
89 20 7
89 23 9
89 25 1
89 26 7
89 31 4
89 38 2
89 42 5
89 43 8
89 46 3
89 52 3
89 53 5
89 56 8
89 61 10
89 92 8
89 97 5
90 9 8
90 11 6
90 20 6
90 23 3
90 30 10
90 32 8
90 33 6
90 34 8
90 40 8
90 46 10
90 53 5
90 55 1
90 57 6
90 58 4
90 63 5
90 64 3
90 69 7
90 70 8
90 82 2
90 83 3
90 84 5
90 89 5
90 91 9
90 93 3
90 97 8
90 98 6
91 2 1
91 3 6
91 6 5
91 10 2
91 14 9
91 16 8
91 18 6
91 19 1
91 24 8
91 25 1
91 28 8
91 29 1
91 30 3
91 33 9
91 41 10
91 45 6
91 50 9
91 52 9
91 53 5
91 58 5
91 61 5
91 63 9
91 68 9
91 70 3
91 77 1
91 85 1
91 87 2
91 89 9
91 97 5
91 99 7
92 2 10
92 4 7
92 6 10
92 9 7
92 16 9
92 24 8
92 26 6
92 28 3
92 31 2
92 32 1
92 36 1
92 38 5
92 41 7
92 47 8
92 50 4
92 51 8
92 56 10
92 57 5
92 66 1
92 69 7
92 71 7
92 73 9
92 75 7
92 82 2
92 84 8
92 86 9
92 87 10
92 90 9
92 94 2
92 98 1
93 17 7
93 20 6
93 25 5
93 26 10
93 30 5
93 33 10
93 35 4
93 41 10
93 43 3
93 50 6
93 52 6
93 56 1
93 58 5
93 61 3
93 71 3
93 73 3
93 74 9
93 78 2
93 80 3
93 81 6
93 82 2
93 83 3
93 86 7
93 87 9
93 89 6
93 95 9
94 3 10
94 9 4
94 14 8
94 16 1
94 24 1
94 25 1
94 27 9
94 29 5
94 37 3
94 40 5
94 42 3
94 46 2
94 51 9
94 69 2
94 74 8
94 78 9
94 86 10
94 91 6
94 95 8
95 2 9
95 3 9
95 12 9
95 14 3
95 19 2
95 25 3
95 28 10
95 29 2
95 30 10
95 35 1
95 36 6
95 44 10
95 45 9
95 47 2
95 48 10
95 50 1
95 52 1
95 53 3
95 54 2
95 58 7
95 61 8
95 63 3
95 70 4
95 72 4
95 98 2
95 99 3
96 1 2
96 3 4
96 4 9
96 13 3
96 19 9
96 38 3
96 43 6
96 44 4
96 45 1
96 47 5
96 53 1
96 66 5
96 68 2
96 70 10
96 76 6
96 83 4
96 86 3
96 88 6
96 90 10
96 91 3
96 93 3
96 95 7
96 99 2
97 1 9
97 2 3
97 6 7
97 9 2
97 12 8
97 17 4
97 18 2
97 21 2
97 26 1
97 29 6
97 34 5
97 38 1
97 40 4
97 41 7
97 45 5
97 46 5
97 50 2
97 51 10
97 53 8
97 55 10
97 61 2
97 74 4
97 78 9
97 84 10
97 85 8
97 93 7
97 98 1
98 2 8
98 5 6
98 6 6
98 10 9
98 11 10
98 15 7
98 19 8
98 22 9
98 25 2
98 27 3
98 32 9
98 36 1
98 38 4
98 41 5
98 44 1
98 45 8
98 47 3
98 48 5
98 49 1
98 50 9
98 51 9
98 54 1
98 55 4
98 58 6
98 61 10
98 63 2
98 64 8
98 71 2
98 73 1
98 74 4
98 78 3
98 84 5
98 86 10
98 91 8
