100
4437
0 1 5
0 2 6
0 3 1
0 4 1
0 5 6
0 6 10
0 7 6
0 8 8
0 9 1
0 10 4
0 11 5
0 12 2
0 14 4
0 15 9
0 16 3
0 17 5
0 19 4
0 20 9
0 21 6
0 22 3
0 23 1
0 24 3
0 25 10
0 26 9
0 27 6
0 28 7
0 29 7
0 30 5
0 31 1
0 32 2
0 33 10
0 34 3
0 35 7
0 36 3
0 37 7
0 38 10
0 39 6
0 40 10
0 42 8
0 43 7
0 44 2
0 45 9
0 47 10
0 48 7
0 49 9
0 50 7
0 52 5
0 54 9
0 55 3
0 56 2
0 58 1
0 60 1
0 61 1
0 62 3
0 64 6
0 65 1
0 66 8
0 67 10
0 68 2
0 69 2
0 70 5
0 71 8
0 72 3
0 73 8
0 74 1
0 75 1
0 76 1
0 77 5
0 78 4
0 79 3
0 80 3
0 81 1
0 82 10
0 84 1
0 85 10
0 86 6
0 87 6
0 88 3
0 89 10
0 90 6
0 91 9
0 92 2
0 93 5
0 94 5
0 95 9
0 96 2
0 97 9
0 98 5
0 99 1
1 5 4
1 6 2
1 8 10
1 9 7
1 10 9
1 13 8
1 15 7
1 20 10
1 21 10
1 24 4
1 26 3
1 27 8
1 29 8
1 30 9
1 31 8
1 32 7
1 33 8
1 34 7
1 36 6
1 39 2
1 41 6
1 42 5
1 44 5
1 47 10
1 53 3
1 55 4
1 57 10
1 59 1
1 67 4
1 68 5
1 72 8
1 73 4
1 75 9
1 77 6
1 78 1
1 80 1
1 81 7
1 89 7
1 90 4
1 92 5
1 93 8
1 94 5
1 95 4
1 97 3
1 99 6
2 1 3
2 3 1
2 5 10
2 8 9
2 10 2
2 13 9
2 14 9
2 16 5
2 17 6
2 20 7
2 21 9
2 23 9
2 27 2
2 28 7
2 29 4
2 30 3
2 32 9
2 33 5
2 37 3
2 38 5
2 39 3
2 44 1
2 48 4
2 50 5
2 51 7
2 55 6
2 56 9
2 65 1
2 66 4
2 67 6
2 68 8
2 69 2
2 70 9
2 72 9
2 76 5
2 79 2
2 81 4
2 87 9
2 88 4
2 89 5
2 90 6
2 92 9
2 93 2
2 99 8
3 1 2
3 7 6
3 9 6
3 10 8
3 11 8
3 14 1
3 15 4
3 18 4
3 20 5
3 23 3
3 24 6
3 28 10
3 29 3
3 30 7
3 31 2
3 33 2
3 36 7
3 37 9
3 40 9
3 41 5
3 42 6
3 43 8
3 44 1
3 48 5
3 50 1
3 51 9
3 52 5
3 56 7
3 57 5
3 58 1
3 59 2
3 60 3
3 62 5
3 64 10
3 66 2
3 69 8
3 70 4
3 71 9
3 72 3
3 73 10
3 76 10
3 78 10
3 80 1
3 87 6
3 90 9
3 91 1
3 92 7
3 93 2
3 94 2
3 95 1
3 96 8
3 99 1
4 1 6
4 2 7
4 3 3
4 6 9
4 7 3
4 8 7
4 10 1
4 11 5
4 12 2
4 25 8
4 28 9
4 30 7
4 32 10
4 34 6
4 36 8
4 39 8
4 40 4
4 45 7
4 48 10
4 51 6
4 57 10
4 58 1
4 60 9
4 65 4
4 66 7
4 70 7
4 71 7
4 73 3
4 75 2
4 76 5
4 77 1
4 80 10
4 85 2
4 88 10
4 90 7
4 94 1
4 98 9
5 3 7
5 4 10
5 10 7
5 13 8
5 17 7
5 18 5
5 20 4
5 22 1
5 23 8
5 24 5
5 25 5
5 30 10
5 32 4
5 35 9
5 36 3
5 38 4
5 39 7
5 40 5
5 42 2
5 44 4
5 48 3
5 49 2
5 51 6
5 54 10
5 55 6
5 56 3
5 60 1
5 63 4
5 65 8
5 66 3
5 67 6
5 68 6
5 73 5
5 74 8
5 77 8
5 78 5
5 82 5
5 84 3
5 85 5
5 88 1
5 90 3
5 94 6
5 95 8
5 98 8
5 99 2
6 3 4
6 5 8
6 7 6
6 8 4
6 10 9
6 11 3
6 14 3
6 17 7
6 20 7
6 21 5
6 27 3
6 28 1
6 30 7
6 31 5
6 32 10
6 33 10
6 35 6
6 37 3
6 38 5
6 39 5
6 43 4
6 44 5
6 49 4
6 51 4
6 52 1
6 56 4
6 57 2
6 61 3
6 64 3
6 65 3
6 67 4
6 68 5
6 71 2
6 73 6
6 81 2
6 82 8
6 86 9
6 87 3
6 92 8
6 93 10
6 94 6
6 96 7
6 99 6
7 2 2
7 5 10
7 9 2
7 10 9
7 12 7
7 13 1
7 16 5
7 18 1
7 20 5
7 22 7
7 25 9
7 27 3
7 30 8
7 31 3
7 32 7
7 33 8
7 34 7
7 35 9
7 36 3
7 38 4
7 43 1
7 44 1
7 45 9
7 48 4
7 49 9
7 51 10
7 52 3
7 53 3
7 54 4
7 55 6
7 56 1
7 57 4
7 58 7
7 59 3
7 60 3
7 61 3
7 69 10
7 70 2
7 71 4
7 72 7
7 73 10
7 74 5
7 75 6
7 76 1
7 77 3
7 78 3
7 79 1
7 80 5
7 81 2
7 85 10
7 86 8
7 88 5
7 90 4
7 91 1
7 95 5
7 96 8
7 97 1
7 98 3
7 99 5
8 3 4
8 7 3
8 9 10
8 10 2
8 11 6
8 15 8
8 18 6
8 19 4
8 20 6
8 22 5
8 24 10
8 26 1
8 28 5
8 29 1
8 32 1
8 34 1
8 37 4
8 41 1
8 42 10
8 43 7
8 44 9
8 45 3
8 46 1
8 48 6
8 49 5
8 52 2
8 53 9
8 54 5
8 57 3
8 58 10
8 59 3
8 62 9
8 66 9
8 67 3
8 68 5
8 69 5
8 70 9
8 71 3
8 73 7
8 76 8
8 77 6
8 78 8
8 79 3
8 80 9
8 81 9
8 82 1
8 83 9
8 84 6
8 86 5
8 88 5
8 91 8
8 98 8
8 99 1
9 2 9
9 4 9
9 5 10
9 6 6
9 12 8
9 13 2
9 15 7
9 16 4
9 17 9
9 20 2
9 21 2
9 24 9
9 30 2
9 33 4
9 34 10
9 35 10
9 37 9
9 39 5
9 42 1
9 44 4
9 47 7
9 48 5
9 57 2
9 58 5
9 59 7
9 60 8
9 61 5
9 65 8
9 67 4
9 68 6
9 74 2
9 76 8
9 77 10
9 78 7
9 79 6
9 83 3
9 84 8
9 85 9
9 86 1
9 87 8
9 91 8
9 92 5
9 93 5
9 95 9
9 97 2
9 98 1
9 99 7
10 9 9
10 11 2
10 12 8
10 17 3
10 19 10
10 21 10
10 27 8
10 28 10
10 31 6
10 37 2
10 39 7
10 43 1
10 46 7
10 50 4
10 52 9
10 54 3
10 55 4
10 57 10
10 58 8
10 62 6
10 67 6
10 70 1
10 71 2
10 76 4
10 79 9
10 82 4
10 85 5
10 88 10
10 94 1
10 97 8
10 99 4
11 1 3
11 2 8
11 7 2
11 9 7
11 15 2
11 17 1
11 18 2
11 20 3
11 22 2
11 24 9
11 27 2
11 29 1
11 31 5
11 43 3
11 47 6
11 49 2
11 53 1
11 58 6
11 61 2
11 66 1
11 68 7
11 69 4
11 70 9
11 72 8
11 74 4
11 76 3
11 78 3
11 79 1
11 82 10
11 83 9
11 84 1
11 85 5
11 86 1
11 89 5
11 91 3
11 97 3
11 99 7
12 1 4
12 2 2
12 3 7
12 6 7
12 8 2
12 11 6
12 19 8
12 23 7
12 26 8
12 29 9
12 31 6
12 35 6
12 38 8
12 42 7
12 43 3
12 45 5
12 46 1
12 47 7
12 49 1
12 50 8
12 52 5
12 56 6
12 59 3
12 61 6
12 62 2
12 63 2
12 65 8
12 68 7
12 71 2
12 72 8
12 74 4
12 75 6
12 81 7
12 84 6
12 85 1
12 86 8
12 89 8
12 90 3
12 91 6
12 92 2
12 94 9
12 95 6
12 96 6
12 97 5
12 99 9
13 3 2
13 4 4
13 6 5
13 8 4
13 10 1
13 11 9
13 12 9
13 18 6
13 21 1
13 22 4
13 25 3
13 29 1
13 31 10
13 32 10
13 34 9
13 36 1
13 39 3
13 41 7
13 42 8
13 44 5
13 48 3
13 51 1
13 54 5
13 55 2
13 57 10
13 59 8
13 62 8
13 64 5
13 65 6
13 67 4
13 71 8
13 72 5
13 77 6
13 79 1
13 83 3
13 85 2
13 88 9
13 92 7
13 97 5
14 1 1
14 5 9
14 7 3
14 8 3
14 9 1
14 10 9
14 11 3
14 13 5
14 15 4
14 20 1
14 21 10
14 26 8
14 28 7
14 30 5
14 32 3
14 36 7
14 37 4
14 39 10
14 41 9
14 46 4
14 47 10
14 48 5
14 53 6
14 57 8
14 58 10
14 59 2
14 60 8
14 62 4
14 63 10
14 69 8
14 71 5
14 73 6
14 74 8
14 78 2
14 79 4
14 82 6
14 86 4
14 88 2
14 89 3
14 90 8
14 91 7
14 95 2
14 96 8
14 98 5
14 99 2
15 4 4
15 5 4
15 6 3
15 7 9
15 10 1
15 12 5
15 17 9
15 25 1
15 28 2
15 30 2
15 32 7
15 33 10
15 34 2
15 42 3
15 43 7
15 46 5
15 47 6
15 50 6
15 51 7
15 53 3
15 54 8
15 55 1
15 61 1
15 64 3
15 67 10
15 69 3
15 73 4
15 74 6
15 75 8
15 77 6
15 79 5
15 80 9
15 84 8
15 85 7
15 90 6
15 93 9
15 97 9
15 98 2
15 99 5
16 3 1
16 6 5
16 8 3
16 13 7
16 14 10
16 15 6
16 18 6
16 20 1
16 26 3
16 27 6
16 28 8
16 30 7
16 31 6
16 32 4
16 33 1
16 34 4
16 35 6
16 38 1
16 43 4
16 44 6
16 45 1
16 46 8
16 50 4
16 51 1
16 53 1
16 54 6
16 55 3
16 56 4
16 57 1
16 58 8
16 60 5
16 61 9
16 62 1
16 70 1
16 71 6
16 72 6
16 74 1
16 77 2
16 81 10
16 82 5
16 83 10
16 84 8
16 85 7
16 88 4
16 89 7
16 91 8
16 92 6
16 95 2
16 98 9
16 99 3
17 1 7
17 3 5
17 4 9
17 7 1
17 8 6
17 14 8
17 19 2
17 21 5
17 23 1
17 28 10
17 31 1
17 36 2
17 41 10
17 45 5
17 47 7
17 48 2
17 50 2
17 51 9
17 52 8
17 54 3
17 56 3
17 59 4
17 62 8
17 63 7
17 64 10
17 65 3
17 68 8
17 70 5
17 74 4
17 75 3
17 76 8
17 80 2
17 83 8
17 84 5
17 85 8
17 86 3
17 88 3
17 92 4
17 99 7
18 1 2
18 2 9
18 4 5
18 6 3
18 9 7
18 10 10
18 12 2
18 15 2
18 17 9
18 20 3
18 22 7
18 25 4
18 27 6
18 29 2
18 35 2
18 36 2
18 37 8
18 39 8
18 40 5
18 41 8
18 43 6
18 45 8
18 46 1
18 47 4
18 49 1
18 50 10
18 55 6
18 56 6
18 57 9
18 58 8
18 59 8
18 61 6
18 63 10
18 64 5
18 66 8
18 70 1
18 72 7
18 73 5
18 81 6
18 84 5
18 86 10
18 87 4
18 91 1
18 92 10
18 94 9
18 95 9
18 99 4
19 1 1
19 2 7
19 3 3
19 4 2
19 5 4
19 6 5
19 11 9
19 15 3
19 16 9
19 18 4
19 20 4
19 22 9
19 25 2
19 26 3
19 27 1
19 29 4
19 30 8
19 33 1
19 35 8
19 36 9
19 37 1
19 39 6
19 40 1
19 44 2
19 46 6
19 47 10
19 49 1
19 50 4
19 51 3
19 52 5
19 53 10
19 54 2
19 55 3
19 56 8
19 57 4
19 59 3
19 60 3
19 62 10
19 63 4
19 64 6
19 69 5
19 70 7
19 73 10
19 75 3
19 81 2
19 84 5
19 85 2
19 86 9
19 88 7
19 91 10
19 96 4
19 98 9
19 99 6
20 4 4
20 12 7
20 17 6
20 21 4
20 25 2
20 27 7
20 28 2
20 30 3
20 31 10
20 32 6
20 36 5
20 38 7
20 39 8
20 40 8
20 45 1
20 48 5
20 49 4
20 50 1
20 52 7
20 58 5
20 59 9
20 60 2
20 62 5
20 63 10
20 65 5
20 66 2
20 67 9
20 68 2
20 70 5
20 73 10
20 74 1
20 76 5
20 78 10
20 81 9
20 83 7
20 84 5
20 86 10
20 87 2
20 91 2
20 92 10
20 99 9
21 3 9
21 4 10
21 5 9
21 7 3
21 8 8
21 11 8
21 12 4
21 15 10
21 16 9
21 18 3
21 19 1
21 24 7
21 25 10
21 26 2
21 28 9
21 30 7
21 31 10
21 33 4
21 38 2
21 39 10
21 40 6
21 41 4
21 42 5
21 43 2
21 45 3
21 47 6
21 50 2
21 51 7
21 52 2
21 59 3
21 63 7
21 65 4
21 67 9
21 69 4
21 70 6
21 77 4
21 78 7
21 79 5
21 81 5
21 84 10
21 88 9
21 90 1
21 91 8
21 93 7
21 97 8
21 99 1
22 1 2
22 2 6
22 3 10
22 4 8
22 6 1
22 9 8
22 14 8
22 17 4
22 20 5
22 21 6
22 24 6
22 25 8
22 29 4
22 30 1
22 32 10
22 35 6
22 37 5
22 39 8
22 40 6
22 42 9
22 43 9
22 44 10
22 46 7
22 47 4
22 49 3
22 55 9
22 58 6
22 63 5
22 64 6
22 65 4
22 66 4
22 70 5
22 72 3
22 78 9
22 86 10
22 87 2
22 89 8
22 91 7
22 93 3
22 95 1
22 99 1
23 4 8
23 6 4
23 7 5
23 8 9
23 9 7
23 11 9
23 13 4
23 14 1
23 15 10
23 16 3
23 19 9
23 21 3
23 22 9
23 25 6
23 26 8
23 29 7
23 30 10
23 31 5
23 33 9
23 38 10
23 40 8
23 45 8
23 46 9
23 49 1
23 51 5
23 55 8
23 57 2
23 58 8
23 67 2
23 69 1
23 70 4
23 71 9
23 75 5
23 78 4
23 80 5
23 81 7
23 84 8
23 85 5
23 86 2
23 88 9
23 89 4
23 92 7
23 93 3
23 94 3
23 98 9
23 99 9
24 2 7
24 6 2
24 7 5
24 10 9
24 12 2
24 14 7
24 15 7
24 17 8
24 18 4
24 19 8
24 20 5
24 23 1
24 29 4
24 30 8
24 31 10
24 36 5
24 39 1
24 40 7
24 41 10
24 43 2
24 45 6
24 50 2
24 51 9
24 57 2
24 58 7
24 59 10
24 60 2
24 63 1
24 65 3
24 68 1
24 72 6
24 75 4
24 77 6
24 80 9
24 82 4
24 83 3
24 84 6
24 85 5
24 86 10
24 88 2
24 90 8
24 91 1
24 95 4
24 97 10
24 99 1
25 1 7
25 2 8
25 8 6
25 9 1
25 10 8
25 11 1
25 12 10
25 14 5
25 24 4
25 26 4
25 30 6
25 32 7
25 34 8
25 37 2
25 39 10
25 42 8
25 46 9
25 53 6
25 55 5
25 60 6
25 61 2
25 63 4
25 69 10
25 70 4
25 72 2
25 74 9
25 75 10
25 80 9
25 81 6
25 88 4
25 91 6
25 92 5
25 93 6
25 96 1
25 99 10
26 2 4
26 3 3
26 4 6
26 5 9
26 6 7
26 7 7
26 9 7
26 10 8
26 11 4
26 13 10
26 15 7
26 17 3
26 18 2
26 20 9
26 22 9
26 24 7
26 30 9
26 32 5
26 35 6
26 36 3
26 37 2
26 38 8
26 39 9
26 41 4
26 43 8
26 47 4
26 56 2
26 57 3
26 58 2
26 60 1
26 61 7
26 62 9
26 65 2
26 67 8
26 68 4
26 73 7
26 75 3
26 76 4
26 80 9
26 84 4
26 85 4
26 86 10
26 88 6
26 89 3
26 91 1
26 92 3
26 93 2
26 94 8
26 99 1
27 3 3
27 4 1
27 5 7
27 8 7
27 9 3
27 12 10
27 13 7
27 14 9
27 17 7
27 21 5
27 22 6
27 25 7
27 26 10
27 28 8
27 30 6
27 31 8
27 40 7
27 41 2
27 42 2
27 43 9
27 49 1
27 52 3
27 53 6
27 54 5
27 61 10
27 65 4
27 66 5
27 68 9
27 71 8
27 72 8
27 79 8
27 80 2
27 84 8
27 86 4
27 87 1
27 89 5
27 90 3
27 92 9
27 94 6
27 95 10
27 99 7
28 1 7
28 5 5
28 7 5
28 9 3
28 11 4
28 12 8
28 13 3
28 18 4
28 19 3
28 22 7
28 24 7
28 25 9
28 32 2
28 35 3
28 37 4
28 38 7
28 40 5
28 41 1
28 43 6
28 47 10
28 49 7
28 50 8
28 53 2
28 54 9
28 55 10
28 56 4
28 60 1
28 62 9
28 65 1
28 66 10
28 67 5
28 69 9
28 70 5
28 75 10
28 76 10
28 77 1
28 79 10
28 90 9
28 93 2
28 95 3
28 98 4
28 99 8
29 4 6
29 5 10
29 6 3
29 7 5
29 9 10
29 10 3
29 14 3
29 15 9
29 16 4
29 20 7
29 21 6
29 25 6
29 27 3
29 28 1
29 30 6
29 31 8
29 34 10
29 35 8
29 36 5
29 37 6
29 38 5
29 40 4
29 44 3
29 46 9
29 47 9
29 48 7
29 49 10
29 51 2
29 52 7
29 54 5
29 55 10
29 56 8
29 64 5
29 71 7
29 76 3
29 79 3
29 80 1
29 82 4
29 83 10
29 90 1
29 91 7
29 94 1
30 8 3
30 10 8
30 11 6
30 12 8
30 13 2
30 17 9
30 18 5
30 28 5
30 32 9
30 33 5
30 34 8
30 40 2
30 42 9
30 43 1
30 46 2
30 47 7
30 52 10
30 55 1
30 56 2
30 57 5
30 59 4
30 61 4
30 62 10
30 64 7
30 66 5
30 67 8
30 69 6
30 71 4
30 72 4
30 74 4
30 79 8
30 80 10
30 83 6
30 86 1
30 88 7
30 90 10
30 92 9
30 93 7
30 94 2
30 95 4
30 98 4
30 99 2
31 2 3
31 4 10
31 8 9
31 9 4
31 14 2
31 18 10
31 19 1
31 25 3
31 26 7
31 30 5
31 32 5
31 33 1
31 37 8
31 41 7
31 44 5
31 47 10
31 48 7
31 49 5
31 52 3
31 53 7
31 55 2
31 56 7
31 59 7
31 60 1
31 63 1
31 64 10
31 67 9
31 68 4
31 71 1
31 73 7
31 75 6
31 77 1
31 81 3
31 82 6
31 86 7
31 87 8
31 91 8
31 92 3
31 93 10
31 96 7
31 97 5
31 99 9
32 3 10
32 10 6
32 11 1
32 17 8
32 18 2
32 23 1
32 24 5
32 27 6
32 29 4
32 34 2
32 35 6
32 39 3
32 40 8
32 44 6
32 52 3
32 54 8
32 55 7
32 57 2
32 60 5
32 61 5
32 64 8
32 65 10
32 68 3
32 69 10
32 70 8
32 72 4
32 74 3
32 75 1
32 77 2
32 78 8
32 79 10
32 80 8
32 81 3
32 82 10
32 85 8
32 87 3
32 92 6
32 93 4
32 94 3
32 97 9
32 99 5
33 4 9
33 5 6
33 8 6
33 10 4
33 11 6
33 12 5
33 13 5
33 14 2
33 17 9
33 18 10
33 20 2
33 24 9
33 25 9
33 26 1
33 27 9
33 28 2
33 29 2
33 35 3
33 37 10
33 42 4
33 45 10
33 46 5
33 51 7
33 53 6
33 55 1
33 56 3
33 57 9
33 59 3
33 61 7
33 62 3
33 64 6
33 69 1
33 71 5
33 72 10
33 74 7
33 77 7
33 78 10
33 79 6
33 80 5
33 81 6
33 82 2
33 83 8
33 84 8
33 87 3
33 89 9
33 91 4
33 93 1
33 95 2
33 96 9
33 99 8
34 5 5
34 6 5
34 10 9
34 11 2
34 12 3
34 14 4
34 17 1
34 18 6
34 19 9
34 20 9
34 21 7
34 22 10
34 23 1
34 24 1
34 27 3
34 28 4
34 33 10
34 36 1
34 37 9
34 42 2
34 46 8
34 50 9
34 55 7
34 58 10
34 60 10
34 62 4
34 64 6
34 66 9
34 67 6
34 68 6
34 69 1
34 70 9
34 72 3
34 73 6
34 75 8
34 80 1
34 81 2
34 88 8
34 90 3
34 91 10
34 94 4
34 95 1
34 96 10
34 98 6
34 99 9
35 1 10
35 2 1
35 3 8
35 4 10
35 11 10
35 15 7
35 17 9
35 20 9
35 21 5
35 23 10
35 24 10
35 25 7
35 27 8
35 30 1
35 31 8
35 34 10
35 36 9
35 37 3
35 40 10
35 44 2
35 52 1
35 53 10
35 57 1
35 58 2
35 59 9
35 61 10
35 66 6
35 69 6
35 71 9
35 74 10
35 75 7
35 79 3
35 80 4
35 86 4
35 87 6
35 88 3
35 89 9
35 90 3
35 92 9
35 93 5
35 95 5
35 97 5
35 98 10
35 99 6
36 2 8
36 8 2
36 9 2
36 11 7
36 12 5
36 15 7
36 16 8
36 21 5
36 22 10
36 23 2
36 27 9
36 28 3
36 31 6
36 33 1
36 44 2
36 45 5
36 49 2
36 52 2
36 57 7
36 63 9
36 65 10
36 68 1
36 69 2
36 71 3
36 72 9
36 77 6
36 79 10
36 81 4
36 82 7
36 83 5
36 84 4
36 85 2
36 86 5
36 87 10
36 89 10
36 91 5
36 96 10
36 97 4
36 99 8
37 1 8
37 4 3
37 7 3
37 11 6
37 13 2
37 15 8
37 16 10
37 17 6
37 20 5
37 21 6
37 23 2
37 24 1
37 27 9
37 36 5
37 39 4
37 43 2
37 46 5
37 48 1
37 49 6
37 52 3
37 55 9
37 56 2
37 57 8
37 64 8
37 66 3
37 68 4
37 73 6
37 78 8
37 79 1
37 80 9
37 82 8
37 83 1
37 84 2
37 87 4
37 88 8
37 90 9
37 91 10
37 93 4
37 94 6
37 96 9
37 99 5
38 1 4
38 3 3
38 4 3
38 8 10
38 9 3
38 10 9
38 11 7
38 13 9
38 14 2
38 15 3
38 17 2
38 18 10
38 19 3
38 22 3
38 24 5
38 25 10
38 30 6
38 31 6
38 32 6
38 33 8
38 34 2
38 35 3
38 36 8
38 37 8
38 40 5
38 41 3
38 43 8
38 48 10
38 49 4
38 50 10
38 66 3
38 67 6
38 70 10
38 73 5
38 74 7
38 78 3
38 83 5
38 84 9
38 85 8
38 89 3
38 91 3
38 92 9
38 97 6
38 98 10
38 99 6
39 3 4
39 11 5
39 12 6
39 15 6
39 16 6
39 17 1
39 23 6
39 27 3
39 28 3
39 29 6
39 30 2
39 31 9
39 34 2
39 36 2
39 38 5
39 41 8
39 45 6
39 48 4
39 50 7
39 52 3
39 55 10
39 56 3
39 58 2
39 61 5
39 62 9
39 63 4
39 64 5
39 66 9
39 69 9
39 71 2
39 72 10
39 73 10
39 75 4
39 78 4
39 82 6
39 84 9
39 89 3
39 90 3
39 91 10
39 94 10
39 96 10
39 97 6
39 98 9
39 99 2
40 1 6
40 2 9
40 6 10
40 7 4
40 9 4
40 10 9
40 11 5
40 13 4
40 14 3
40 15 6
40 17 10
40 26 4
40 31 10
40 33 6
40 34 4
40 36 2
40 37 6
40 39 8
40 46 4
40 47 6
40 49 1
40 51 10
40 53 8
40 56 5
40 61 10
40 64 8
40 65 8
40 66 6
40 69 2
40 71 2
40 72 1
40 77 2
40 78 4
40 79 4
40 80 3
40 84 3
40 86 7
40 87 3
40 88 5
40 89 10
40 93 2
40 94 8
40 96 5
40 97 7
40 99 9
41 2 3
41 4 3
41 5 7
41 6 8
41 7 1
41 9 6
41 10 4
41 11 5
41 12 10
41 15 7
41 16 6
41 20 6
41 22 7
41 23 10
41 25 8
41 29 10
41 30 3
41 32 1
41 33 7
41 34 4
41 35 5
41 36 4
41 37 4
41 40 3
41 44 9
41 45 2
41 47 1
41 48 4
41 51 4
41 52 2
41 56 6
41 60 1
41 61 1
41 65 6
41 72 9
41 75 8
41 76 5
41 77 2
41 79 2
41 82 6
41 83 4
41 87 4
41 89 7
41 90 8
41 92 3
41 94 1
41 95 7
41 96 10
41 97 1
41 98 5
41 99 5
42 2 5
42 4 9
42 6 3
42 7 5
42 11 6
42 14 2
42 16 1
42 17 8
42 18 5
42 19 7
42 20 2
42 23 2
42 24 3
42 26 2
42 28 9
42 29 6
42 31 10
42 32 4
42 35 10
42 36 6
42 38 2
42 39 5
42 40 8
42 41 1
42 43 9
42 44 1
42 52 10
42 56 2
42 58 6
42 59 9
42 61 7
42 62 1
42 65 4
42 67 4
42 69 3
42 75 5
42 76 8
42 77 10
42 78 5
42 87 2
42 89 1
42 90 5
42 95 3
42 96 2
42 97 9
42 98 2
42 99 9
43 1 7
43 4 10
43 5 7
43 9 10
43 17 9
43 20 5
43 25 7
43 29 3
43 31 4
43 33 5
43 34 5
43 35 3
43 36 8
43 39 7
43 40 3
43 41 1
43 47 10
43 48 4
43 49 3
43 50 10
43 54 3
43 55 2
43 57 1
43 58 1
43 63 2
43 65 1
43 66 2
43 68 7
43 69 9
43 71 5
43 72 6
43 76 2
43 77 6
43 78 6
43 81 10
43 85 9
43 96 5
43 98 4
43 99 5
44 4 2
44 10 9
44 11 7
44 14 10
44 15 1
44 17 6
44 20 2
44 21 9
44 23 8
44 24 9
44 25 4
44 26 9
44 27 8
44 28 5
44 30 10
44 33 1
44 34 4
44 38 5
44 39 9
44 40 10
44 43 7
44 47 6
44 48 10
44 52 1
44 53 6
44 54 1
44 56 4
44 60 2
44 62 5
44 63 7
44 66 7
44 68 5
44 71 1
44 72 2
44 73 4
44 75 8
44 77 4
44 78 6
44 83 2
44 85 4
44 86 4
44 87 2
44 88 5
44 90 8
44 92 3
44 93 4
44 94 7
44 95 5
44 98 6
44 99 10
45 1 5
45 2 2
45 3 6
45 5 8
45 6 1
45 10 8
45 11 4
45 14 2
45 15 4
45 22 10
45 25 1
45 26 7
45 28 9
45 29 9
45 30 2
45 32 6
45 34 6
45 35 8
45 37 3
45 38 3
45 40 5
45 42 6
45 43 10
45 44 5
45 47 1
45 48 2
45 49 1
45 52 8
45 53 9
45 54 9
45 55 7
45 57 1
45 58 1
45 61 1
45 64 5
45 65 3
45 66 1
45 74 2
45 82 10
45 85 7
45 90 5
45 92 2
45 93 3
45 98 5
45 99 5
46 1 1
46 3 9
46 4 2
46 5 6
46 6 6
46 7 8
46 9 5
46 11 1
46 13 3
46 17 1
46 20 4
46 21 2
46 24 6
46 26 3
46 27 2
46 31 3
46 35 7
46 36 2
46 38 9
46 39 4
46 41 6
46 42 9
46 43 7
46 44 4
46 47 8
46 48 8
46 52 2
46 54 5
46 57 4
46 58 1
46 60 10
46 62 3
46 63 6
46 64 2
46 65 8
46 66 2
46 68 3
46 69 5
46 73 3
46 74 7
46 78 6
46 79 10
46 81 7
46 83 10
46 86 2
46 92 7
46 93 6
46 94 9
46 96 9
46 99 5
47 5 1
47 6 5
47 7 2
47 8 5
47 10 1
47 13 9
47 16 6
47 23 2
47 24 2
47 25 5
47 27 2
47 32 3
47 33 7
47 35 7
47 36 8
47 37 1
47 38 3
47 39 10
47 42 2
47 48 6
47 52 4
47 54 5
47 55 7
47 58 2
47 59 1
47 65 4
47 68 10
47 69 1
47 71 5
47 73 2
47 74 2
47 75 9
47 80 2
47 81 8
47 87 5
47 88 9
47 89 1
47 93 3
47 95 8
47 99 1
48 1 9
48 6 5
48 11 9
48 12 5
48 15 5
48 16 7
48 18 2
48 19 3
48 22 1
48 24 1
48 25 9
48 27 5
48 30 1
48 33 7
48 34 4
48 35 1
48 36 7
48 40 4
48 42 4
48 49 7
48 50 2
48 52 3
48 53 7
48 55 10
48 58 5
48 62 8
48 67 4
48 68 9
48 69 4
48 72 5
48 73 4
48 75 5
48 82 9
48 83 1
48 86 4
48 89 6
48 94 9
48 98 3
48 99 5
49 1 1
49 2 10
49 3 7
49 4 4
49 9 9
49 10 10
49 13 3
49 14 6
49 15 7
49 16 9
49 17 3
49 21 10
49 24 10
49 25 8
49 26 8
49 32 9
49 33 4
49 34 6
49 39 8
49 41 3
49 42 5
49 44 8
49 47 5
49 53 7
49 56 8
49 57 3
49 58 3
49 60 5
49 61 3
49 63 6
49 65 7
49 69 3
49 70 5
49 73 1
49 74 2
49 76 9
49 82 5
49 83 1
49 84 6
49 90 4
49 91 9
49 94 9
49 95 6
49 97 8
49 98 9
49 99 9
50 1 2
50 4 1
50 5 4
50 7 10
50 8 2
50 9 3
50 11 5
50 13 3
50 14 7
50 22 1
50 23 6
50 25 8
50 26 6
50 27 3
50 29 9
50 30 4
50 31 3
50 32 4
50 33 7
50 35 5
50 36 8
50 40 10
50 42 4
50 44 3
50 45 3
50 46 5
50 47 2
50 49 8
50 51 7
50 57 2
50 59 5
50 65 2
50 66 5
50 68 1
50 71 4
50 74 9
50 78 1
50 82 6
50 84 7
50 85 4
50 86 3
50 90 1
50 91 10
50 95 6
50 96 3
50 99 7
51 1 3
51 8 10
51 9 9
51 11 1
51 18 4
51 22 6
51 25 5
51 27 10
51 28 10
51 30 5
51 34 4
51 35 7
51 36 7
51 37 10
51 38 6
51 39 4
51 44 8
51 45 9
51 46 8
51 47 3
51 48 6
51 49 3
51 53 6
51 54 8
51 58 3
51 60 9
51 62 1
51 63 5
51 65 6
51 66 1
51 68 1
51 74 10
51 78 6
51 81 5
51 83 6
51 88 3
51 89 4
51 91 10
51 95 1
51 98 1
52 2 10
52 4 8
52 11 8
52 13 7
52 15 3
52 18 3
52 22 2
52 23 7
52 24 6
52 25 7
52 28 7
52 33 5
52 38 7
52 40 3
52 43 3
52 49 10
52 50 4
52 51 3
52 54 2
52 56 6
52 59 7
52 61 10
52 64 5
52 65 6
52 69 4
52 70 2
52 71 1
52 73 1
52 76 10
52 79 1
52 80 6
52 81 8
52 82 10
52 89 2
52 90 2
52 91 8
52 92 7
52 93 6
52 95 4
52 97 2
52 98 7
52 99 2
53 2 10
53 3 1
53 5 4
53 6 5
53 9 4
53 10 6
53 12 6
53 13 6
53 18 10
53 20 4
53 21 9
53 22 3
53 23 2
53 24 8
53 29 2
53 30 10
53 34 1
53 36 2
53 37 5
53 38 1
53 39 10
53 41 2
53 42 6
53 43 5
53 46 6
53 47 9
53 54 6
53 56 10
53 57 2
53 58 10
53 59 7
53 61 2
53 62 6
53 66 5
53 70 1
53 72 3
53 75 4
53 77 7
53 79 9
53 82 1
53 88 7
53 89 2
53 94 9
53 95 4
53 96 8
53 98 4
53 99 7
54 1 9
54 2 1
54 3 10
54 4 5
54 6 10
54 9 6
54 11 6
54 12 8
54 14 7
54 18 5
54 20 8
54 21 10
54 24 1
54 25 1
54 26 6
54 30 10
54 31 2
54 36 10
54 37 2
54 38 4
54 39 8
54 40 4
54 41 5
54 42 6
54 49 3
54 50 10
54 55 1
54 57 2
54 59 6
54 61 8
54 62 3
54 63 2
54 64 2
54 68 7
54 71 7
54 72 6
54 73 8
54 76 1
54 78 1
54 80 1
54 82 10
54 83 2
54 84 1
54 85 5
54 88 9
54 89 1
54 93 7
54 95 3
54 99 6
55 3 10
55 6 4
55 11 3
55 17 8
55 20 4
55 21 10
55 24 3
55 27 2
55 35 3
55 36 10
55 38 9
55 41 3
55 42 7
55 44 3
55 46 4
55 49 3
55 50 7
55 52 6
55 53 6
55 57 7
55 58 6
55 59 3
55 62 2
55 64 5
55 66 2
55 67 10
55 72 10
55 74 7
55 75 2
55 81 7
55 82 2
55 83 7
55 85 4
55 86 7
55 88 5
55 89 6
55 92 10
55 94 6
55 95 3
55 96 9
55 97 7
55 99 6
56 1 8
56 4 3
56 9 5
56 13 7
56 14 9
56 15 2
56 20 10
56 21 2
56 23 7
56 24 10
56 25 7
56 27 1
56 32 5
56 34 4
56 35 4
56 36 4
56 38 4
56 43 3
56 46 8
56 47 9
56 48 9
56 50 7
56 51 9
56 54 1
56 55 7
56 57 2
56 59 1
56 60 4
56 62 3
56 68 2
56 69 5
56 70 9
56 71 10
56 74 10
56 75 8
56 77 10
56 84 2
56 85 4
56 87 3
56 88 2
56 90 2
56 93 3
56 95 4
56 96 5
57 2 8
57 5 1
57 11 9
57 12 9
57 15 6
57 17 5
57 20 4
57 22 5
57 25 6
57 27 10
57 28 2
57 31 9
57 34 5
57 39 10
57 42 3
57 44 4
57 47 9
57 48 4
57 51 9
57 52 9
57 60 5
57 61 10
57 65 5
57 73 1
57 74 5
57 76 2
57 78 2
57 81 1
57 82 1
57 83 5
57 84 3
57 86 9
57 88 5
57 94 6
57 95 10
57 99 10
58 1 1
58 5 1
58 13 8
58 15 10
58 17 1
58 19 1
58 21 5
58 25 6
58 27 2
58 28 1
58 29 6
58 30 4
58 31 8
58 32 10
58 33 5
58 37 8
58 41 8
58 50 3
58 52 6
58 56 3
58 60 9
58 61 8
58 62 9
58 64 1
58 67 4
58 69 4
58 71 10
58 73 6
58 76 7
58 78 4
58 80 6
58 84 10
58 87 2
58 88 6
58 90 7
58 91 3
58 93 10
58 96 7
58 99 1
59 2 2
59 4 5
59 6 4
59 10 6
59 11 4
59 15 5
59 16 5
59 22 1
59 23 3
59 25 1
59 27 10
59 29 4
59 32 1
59 34 4
59 36 8
59 37 1
59 38 2
59 39 6
59 40 6
59 41 8
59 43 6
59 44 3
59 45 5
59 48 5
59 57 2
59 58 3
59 63 5
59 64 1
59 66 5
59 67 3
59 68 9
59 71 6
59 72 7
59 73 5
59 74 9
59 80 1
59 81 7
59 84 9
59 85 7
59 88 10
59 93 1
59 96 7
59 97 10
59 98 4
59 99 1
60 1 1
60 2 4
60 6 1
60 8 2
60 10 1
60 11 8
60 12 2
60 13 7
60 15 5
60 17 7
60 18 3
60 21 5
60 22 10
60 23 6
60 27 9
60 29 4
60 30 5
60 33 8
60 35 6
60 36 1
60 37 6
60 39 2
60 40 9
60 42 3
60 45 7
60 47 6
60 48 3
60 50 1
60 54 8
60 55 7
60 59 6
60 62 1
60 63 9
60 65 9
60 66 3
60 68 10
60 71 10
60 72 2
60 73 9
60 75 2
60 77 10
60 78 8
60 79 6
60 81 5
60 84 3
60 85 8
60 86 1
60 87 1
60 88 6
60 89 2
60 91 4
60 92 8
60 93 6
60 98 6
60 99 1
61 2 8
61 4 7
61 5 9
61 8 5
61 10 2
61 13 9
61 17 10
61 19 2
61 20 5
61 21 6
61 22 7
61 23 1
61 24 6
61 28 10
61 29 4
61 31 5
61 34 1
61 37 8
61 43 3
61 44 6
61 46 6
61 47 10
61 50 10
61 51 3
61 55 5
61 56 8
61 60 1
61 62 6
61 63 8
61 64 8
61 66 9
61 67 10
61 69 3
61 70 3
61 73 10
61 75 7
61 80 6
61 81 3
61 82 6
61 84 2
61 85 10
61 86 9
61 87 4
61 89 7
61 91 9
61 93 9
61 94 5
61 95 6
61 96 7
61 97 6
61 98 9
61 99 4
62 1 2
62 2 6
62 4 10
62 5 4
62 6 6
62 7 7
62 11 2
62 15 4
62 18 7
62 21 4
62 22 3
62 23 7
62 25 5
62 27 4
62 29 5
62 31 9
62 32 5
62 35 6
62 36 9
62 37 4
62 38 5
62 40 9
62 41 7
62 43 10
62 45 9
62 47 8
62 49 7
62 50 8
62 52 7
62 57 9
62 59 1
62 65 5
62 66 5
62 68 10
62 73 7
62 78 3
62 79 4
62 82 1
62 83 4
62 84 10
62 87 1
62 90 5
62 92 4
62 96 10
62 99 5
63 1 9
63 3 10
63 6 9
63 7 3
63 8 4
63 9 5
63 11 2
63 13 3
63 15 10
63 16 5
63 23 3
63 26 6
63 27 7
63 28 7
63 29 3
63 30 9
63 32 8
63 33 9
63 34 4
63 35 8
63 37 5
63 38 6
63 40 3
63 41 8
63 42 6
63 45 6
63 47 5
63 48 10
63 50 4
63 52 9
63 53 10
63 55 5
63 56 1
63 57 3
63 58 2
63 65 3
63 67 5
63 73 3
63 74 6
63 77 3
63 78 10
63 83 8
63 87 7
63 88 2
63 89 1
63 93 2
63 95 4
63 98 7
63 99 7
64 1 1
64 4 2
64 5 7
64 7 5
64 8 7
64 9 7
64 10 10
64 11 2
64 12 3
64 14 1
64 16 5
64 20 9
64 21 5
64 24 1
64 25 1
64 28 10
64 35 8
64 36 5
64 38 1
64 41 2
64 43 7
64 44 2
64 48 10
64 49 5
64 50 7
64 51 7
64 53 3
64 56 10
64 57 3
64 60 2
64 62 8
64 63 7
64 65 10
64 66 1
64 68 7
64 70 7
64 71 5
64 77 7
64 79 4
64 81 1
64 82 4
64 83 10
64 84 1
64 85 9
64 86 6
64 87 3
64 88 9
64 89 7
64 90 10
64 92 2
64 93 3
64 94 7
64 95 8
64 98 3
64 99 6
65 1 2
65 3 1
65 7 1
65 10 4
65 15 5
65 16 5
65 18 6
65 23 6
65 25 9
65 29 9
65 31 7
65 33 6
65 34 6
65 35 1
65 37 3
65 39 1
65 44 3
65 48 5
65 53 10
65 54 8
65 55 4
65 56 7
65 58 9
65 59 6
65 61 1
65 66 4
65 67 4
65 72 8
65 73 6
65 74 8
65 75 1
65 77 1
65 78 6
65 79 8
65 81 2
65 83 5
65 84 2
65 85 2
65 86 2
65 90 7
65 93 2
65 96 8
65 98 10
66 1 5
66 6 8
66 7 7
66 9 10
66 10 10
66 12 1
66 13 9
66 14 8
66 15 2
66 16 9
66 17 3
66 19 4
66 21 6
66 23 4
66 25 2
66 29 10
66 31 7
66 32 8
66 33 2
66 36 6
66 41 8
66 42 2
66 48 6
66 49 1
66 52 3
66 54 1
66 56 1
66 57 9
66 58 1
66 63 4
66 68 2
66 69 9
66 71 3
66 72 3
66 74 4
66 75 3
66 77 2
66 87 6
66 88 8
66 91 5
66 96 5
66 99 6
67 4 9
67 11 9
67 12 8
67 14 3
67 17 4
67 18 4
67 19 3
67 22 4
67 24 8
67 25 2
67 27 7
67 29 7
67 32 10
67 33 6
67 35 9
67 36 8
67 37 9
67 40 8
67 41 3
67 43 6
67 44 10
67 45 7
67 46 9
67 47 6
67 49 8
67 50 6
67 51 1
67 52 10
67 56 9
67 57 8
67 60 4
67 62 6
67 64 8
67 66 8
67 76 9
67 77 9
67 80 4
67 84 9
67 85 8
67 90 5
67 92 9
67 93 10
67 95 6
67 96 5
67 98 4
67 99 6
68 3 6
68 4 8
68 10 7
68 13 5
68 14 10
68 15 9
68 16 6
68 18 4
68 21 4
68 25 3
68 28 6
68 29 4
68 30 3
68 33 7
68 35 9
68 38 2
68 40 3
68 41 4
68 42 8
68 49 1
68 52 8
68 57 9
68 58 7
68 61 6
68 63 6
68 65 3
68 67 5
68 76 1
68 78 10
68 79 6
68 82 1
68 84 4
68 85 8
68 86 9
68 88 6
68 91 9
68 92 3
68 93 4
68 94 7
68 95 3
68 96 3
68 98 3
68 99 7
69 1 5
69 4 10
69 6 2
69 9 10
69 10 6
69 12 9
69 13 3
69 16 5
69 17 10
69 18 6
69 20 4
69 22 3
69 24 5
69 31 8
69 37 9
69 38 1
69 41 9
69 44 6
69 53 7
69 54 1
69 55 5
69 60 3
69 62 4
69 63 3
69 64 5
69 65 6
69 67 3
69 68 9
69 70 6
69 73 2
69 75 5
69 79 3
69 81 9
69 83 6
69 84 7
69 86 1
69 92 8
69 93 9
69 96 4
69 99 1
70 1 5
70 5 9
70 6 5
70 12 4
70 13 5
70 14 1
70 26 3
70 27 10
70 29 4
70 31 2
70 33 7
70 35 5
70 37 5
70 39 2
70 40 5
70 41 5
70 43 6
70 44 8
70 45 10
70 46 3
70 47 5
70 50 3
70 54 8
70 55 8
70 57 5
70 58 2
70 60 7
70 62 6
70 63 6
70 65 10
70 67 3
70 68 1
70 72 8
70 74 4
70 75 2
70 76 2
70 77 7
70 79 7
70 80 4
70 83 3
70 87 5
70 88 4
70 89 6
70 91 8
70 93 4
70 94 7
70 95 9
70 97 10
71 1 5
71 2 6
71 5 1
71 11 6
71 15 10
71 17 6
71 18 7
71 19 1
71 20 2
71 21 1
71 22 5
71 24 5
71 25 8
71 26 4
71 32 4
71 38 2
71 41 8
71 42 2
71 45 4
71 46 8
71 48 10
71 49 7
71 53 3
71 55 6
71 57 1
71 61 7
71 62 8
71 63 4
71 65 4
71 67 7
71 68 5
71 70 6
71 72 8
71 75 5
71 76 2
71 78 2
71 79 1
71 84 5
71 87 7
71 89 3
71 90 3
71 96 2
71 99 3
72 4 4
72 5 2
72 6 1
72 8 9
72 9 5
72 10 3
72 14 3
72 15 1
72 17 2
72 19 10
72 20 10
72 21 7
72 23 4
72 26 2
72 28 2
72 31 5
72 37 3
72 42 4
72 46 5
72 47 6
72 49 3
72 50 5
72 51 7
72 52 4
72 56 8
72 57 10
72 61 9
72 62 2
72 63 10
72 64 5
72 68 1
72 69 10
72 75 9
72 77 1
72 79 2
72 81 3
72 84 7
72 86 9
72 87 10
72 89 5
72 90 3
72 92 4
72 93 9
72 94 6
72 99 3
73 11 1
73 12 9
73 13 2
73 16 6
73 21 3
73 22 8
73 24 9
73 25 4
73 27 9
73 28 2
73 30 8
73 32 1
73 33 5
73 35 10
73 40 3
73 42 6
73 43 7
73 50 4
73 51 4
73 53 2
73 55 1
73 56 9
73 64 5
73 66 4
73 67 2
73 68 1
73 72 3
73 75 3
73 76 4
73 77 8
73 79 3
73 80 8
73 85 1
73 86 5
73 89 4
73 92 4
73 95 10
73 96 9
73 97 3
73 98 1
73 99 2
74 2 8
74 3 9
74 6 2
74 8 10
74 10 10
74 13 7
74 18 9
74 19 6
74 21 2
74 22 2
74 23 8
74 26 1
74 27 2
74 28 10
74 29 7
74 34 1
74 36 5
74 37 2
74 40 5
74 41 7
74 42 7
74 43 8
74 44 9
74 48 3
74 52 5
74 53 4
74 54 10
74 58 7
74 60 4
74 61 6
74 62 9
74 64 3
74 67 8
74 68 3
74 69 7
74 71 3
74 72 2
74 73 5
74 77 3
74 78 8
74 79 1
74 80 7
74 81 9
74 82 7
74 85 2
74 86 9
74 88 6
74 90 4
74 92 9
74 93 2
74 97 7
74 99 10
75 3 10
75 5 6
75 9 1
75 10 9
75 13 5
75 14 10
75 16 7
75 18 5
75 20 5
75 21 4
75 22 7
75 27 3
75 29 6
75 30 6
75 33 1
75 36 6
75 37 2
75 38 7
75 40 1
75 43 8
75 45 10
75 46 6
75 49 2
75 50 6
75 51 1
75 54 1
75 57 7
75 58 9
75 59 9
75 62 5
75 63 10
75 64 9
75 67 2
75 79 8
75 82 4
75 83 4
75 88 2
75 89 7
75 90 4
75 96 9
75 97 9
75 99 3
76 1 10
76 5 6
76 6 3
76 12 5
76 13 10
76 14 1
76 15 4
76 16 2
76 18 5
76 19 4
76 21 10
76 22 3
76 23 1
76 25 1
76 27 6
76 31 2
76 32 9
76 33 6
76 34 3
76 35 7
76 36 9
76 37 4
76 38 7
76 39 9
76 40 7
76 44 9
76 45 6
76 47 5
76 48 9
76 50 9
76 51 6
76 53 8
76 55 7
76 59 8
76 60 3
76 61 5
76 63 9
76 66 2
76 69 7
76 72 6
76 74 3
76 77 1
76 79 6
76 80 8
76 82 5
76 84 10
76 90 1
76 94 10
76 95 6
76 97 10
76 99 4
77 2 3
77 3 1
77 6 1
77 10 4
77 11 5
77 12 8
77 14 6
77 18 4
77 20 10
77 22 6
77 23 7
77 25 8
77 26 5
77 27 2
77 29 4
77 30 4
77 34 1
77 35 3
77 37 8
77 39 10
77 45 2
77 46 5
77 47 6
77 48 5
77 49 6
77 50 4
77 51 6
77 52 4
77 54 1
77 55 10
77 57 2
77 58 9
77 59 4
77 61 3
77 62 8
77 68 4
77 69 5
77 71 6
77 75 10
77 78 10
77 79 10
77 80 4
77 81 2
77 82 9
77 88 7
77 89 5
77 90 6
77 95 2
77 96 1
77 97 9
77 98 3
77 99 10
78 4 1
78 6 4
78 10 1
78 12 9
78 13 1
78 15 7
78 16 5
78 17 4
78 18 5
78 19 5
78 24 10
78 25 9
78 26 2
78 28 5
78 30 4
78 31 9
78 34 6
78 36 5
78 41 7
78 45 4
78 47 8
78 48 10
78 52 4
78 53 4
78 55 9
78 56 10
78 61 9
78 64 6
78 66 10
78 67 6
78 69 7
78 73 6
78 75 6
78 79 10
78 82 2
78 88 5
78 89 6
78 91 2
78 93 8
78 95 9
78 97 8
78 98 10
78 99 7
79 1 5
79 3 4
79 4 9
79 16 6
79 17 8
79 19 10
79 20 7
79 22 10
79 25 3
79 26 8
79 31 4
79 34 1
79 38 4
79 39 5
79 42 4
79 43 8
79 44 7
79 45 4
79 47 9
79 48 9
79 50 1
79 51 5
79 54 6
79 55 7
79 56 1
79 57 10
79 58 3
79 59 7
79 61 5
79 63 5
79 66 3
79 67 2
79 80 6
79 82 7
79 85 6
79 89 10
79 90 8
79 91 5
79 97 4
80 2 6
80 5 9
80 6 7
80 9 6
80 11 6
80 12 4
80 14 8
80 16 8
80 18 4
80 19 4
80 20 8
80 21 4
80 22 10
80 28 10
80 31 2
80 36 4
80 38 4
80 41 1
80 42 6
80 43 8
80 44 6
80 45 3
80 46 4
80 48 4
80 49 4
80 50 6
80 51 7
80 55 6
80 56 5
80 57 4
80 60 9
80 62 7
80 63 1
80 65 3
80 66 4
80 68 4
80 71 2
80 72 6
80 75 6
80 78 3
80 81 3
80 82 8
80 84 6
80 86 7
80 88 1
80 89 1
80 91 6
80 95 7
80 99 6
81 3 9
81 4 6
81 9 5
81 10 5
81 11 4
81 13 9
81 14 2
81 17 2
81 22 1
81 24 10
81 26 7
81 27 4
81 28 5
81 29 7
81 35 2
81 37 5
81 38 7
81 39 10
81 41 7
81 42 9
81 44 9
81 45 4
81 48 5
81 49 1
81 50 8
81 54 3
81 56 3
81 58 10
81 62 2
81 63 8
81 68 7
81 70 2
81 71 9
81 75 9
81 76 9
81 78 7
81 79 9
81 84 3
81 86 3
81 89 1
81 92 5
81 96 7
81 97 9
81 99 2
82 1 3
82 3 1
82 4 3
82 7 2
82 12 8
82 13 9
82 15 9
82 17 8
82 18 3
82 20 3
82 22 7
82 23 5
82 26 8
82 27 1
82 28 8
82 30 6
82 38 8
82 40 7
82 42 5
82 43 6
82 46 6
82 47 2
82 51 3
82 56 4
82 58 1
82 59 4
82 60 9
82 63 4
82 65 7
82 66 10
82 67 10
82 69 4
82 70 8
82 71 1
82 72 7
82 73 2
82 81 9
82 83 2
82 91 10
82 93 3
82 95 9
82 99 6
83 1 10
83 2 1
83 3 1
83 4 8
83 5 7
83 6 9
83 7 5
83 10 5
83 12 8
83 18 1
83 21 6
83 22 6
83 23 2
83 25 3
83 26 6
83 27 10
83 28 4
83 31 2
83 32 9
83 35 1
83 39 4
83 40 9
83 42 8
83 45 1
83 47 4
83 50 3
83 52 3
83 53 7
83 56 4
83 59 2
83 60 10
83 61 5
83 66 3
83 67 8
83 68 3
83 71 8
83 73 5
83 74 7
83 76 4
83 77 3
83 78 8
83 80 4
83 81 9
83 84 9
83 85 3
83 88 9
83 99 4
84 1 3
84 2 9
84 4 10
84 6 5
84 7 5
84 10 6
84 13 4
84 14 6
84 25 6
84 28 7
84 29 10
84 30 3
84 31 8
84 32 10
84 34 3
84 35 8
84 42 2
84 43 9
84 44 6
84 45 7
84 46 5
84 48 4
84 51 2
84 52 5
84 63 10
84 66 8
84 70 6
84 73 7
84 74 9
84 75 8
84 77 8
84 78 2
84 79 5
84 82 9
84 86 9
84 89 4
84 95 9
84 99 7
85 1 10
85 2 9
85 8 5
85 14 5
85 18 6
85 20 4
85 21 3
85 22 3
85 25 4
85 27 1
85 28 7
85 29 6
85 30 5
85 31 8
85 33 4
85 35 1
85 37 2
85 39 9
85 40 7
85 47 5
85 48 4
85 51 2
85 53 5
85 57 5
85 62 8
85 63 1
85 66 1
85 69 5
85 70 9
85 71 9
85 72 1
85 75 1
85 76 8
85 77 10
85 78 7
85 80 8
85 81 1
85 82 1
85 84 2
85 86 6
85 87 2
85 89 3
85 90 7
85 92 2
85 93 10
85 96 10
85 97 8
85 98 1
85 99 3
86 1 7
86 2 8
86 3 2
86 4 10
86 13 8
86 15 9
86 16 6
86 25 5
86 28 8
86 32 3
86 34 5
86 37 3
86 41 9
86 43 6
86 45 6
86 49 3
86 51 1
86 52 4
86 53 4
86 54 9
86 58 1
86 59 6
86 66 3
86 70 2
86 71 2
86 77 9
86 78 10
86 79 2
86 82 8
86 83 3
86 90 4
86 95 4
86 96 9
86 98 1
86 99 7
87 1 10
87 4 4
87 5 3
87 7 9
87 8 3
87 10 2
87 11 6
87 14 4
87 16 4
87 17 10
87 19 10
87 23 2
87 24 5
87 25 5
87 26 7
87 28 4
87 29 8
87 30 4
87 38 9
87 39 10
87 43 10
87 45 3
87 48 3
87 49 2
87 50 10
87 51 1
87 52 3
87 53 4
87 55 6
87 57 4
87 59 5
87 65 10
87 67 6
87 68 10
87 69 9
87 73 8
87 74 10
87 75 2
87 77 5
87 78 7
87 79 5
87 81 10
87 82 3
87 83 4
87 84 5
87 86 9
87 88 2
87 90 10
87 91 2
87 93 4
87 94 4
87 95 10
87 98 10
87 99 5
88 1 6
88 3 2
88 6 7
88 9 9
88 11 4
88 12 1
88 15 3
88 18 9
88 22 7
88 27 5
88 28 3
88 29 3
88 31 1
88 32 8
88 38 9
88 39 9
88 43 7
88 46 5
88 48 2
88 49 5
88 50 7
88 52 7
88 61 2
88 62 8
88 65 5
88 67 3
88 71 9
88 73 7
88 79 4
88 81 2
88 82 5
88 84 10
88 86 6
88 89 4
88 92 6
88 93 4
88 95 1
88 99 2
89 3 7
89 4 5
89 5 9
89 6 8
89 7 10
89 8 3
89 9 6
89 10 2
89 15 5
89 17 10
89 18 5
89 19 10
89 20 6
89 24 1
89 25 4
89 28 8
89 30 3
89 32 10
89 34 2
89 44 2
89 45 9
89 46 2
89 49 6
89 50 4
89 57 6
89 58 5
89 59 2
89 62 10
89 66 7
89 67 7
89 68 2
89 69 1
89 74 8
89 76 1
89 86 9
89 87 1
89 91 1
89 92 6
89 93 5
89 98 6
89 99 10
90 9 1
90 10 9
90 11 6
90 13 3
90 16 2
90 17 6
90 18 7
90 19 3
90 20 5
90 22 7
90 23 2
90 26 8
90 31 5
90 32 2
90 33 5
90 36 9
90 38 8
90 40 3
90 43 8
90 47 5
90 48 5
90 51 6
90 53 1
90 54 6
90 55 4
90 59 6
90 61 5
90 63 8
90 68 6
90 70 8
90 73 6
90 78 3
90 80 5
90 82 1
90 83 4
90 84 8
90 89 8
90 92 6
90 93 7
90 94 3
90 95 2
90 99 4
91 1 4
91 4 6
91 5 4
91 10 6
91 13 7
91 15 2
91 17 3
91 23 2
91 27 10
91 32 4
91 35 6
91 40 8
91 42 4
91 44 3
91 45 9
91 46 6
91 47 9
91 48 8
91 53 7
91 54 6
91 56 6
91 57 9
91 59 5
91 62 1
91 63 10
91 64 8
91 65 2
91 67 6
91 69 4
91 71 4
91 72 3
91 73 5
91 74 1
91 75 1
91 77 10
91 81 9
91 84 10
91 85 5
91 86 1
91 88 5
91 90 5
91 92 3
91 94 8
91 99 6
92 5 1
92 7 2
92 8 7
92 10 2
92 11 1
92 14 9
92 15 4
92 19 8
92 21 4
92 24 3
92 28 2
92 33 10
92 34 1
92 37 6
92 39 1
92 40 9
92 42 8
92 43 7
92 47 9
92 49 2
92 50 3
92 51 10
92 53 2
92 56 9
92 57 9
92 59 8
92 65 3
92 66 3
92 70 7
92 71 9
92 75 1
92 76 3
92 77 4
92 78 5
92 80 1
92 83 4
92 86 3
92 93 1
92 95 6
92 97 7
92 99 4
93 4 4
93 5 7
93 7 7
93 8 7
93 10 7
93 12 2
93 14 6
93 16 10
93 17 1
93 18 3
93 19 1
93 20 4
93 24 1
93 27 8
93 29 9
93 34 3
93 36 1
93 38 9
93 39 7
93 41 3
93 42 7
93 48 8
93 49 6
93 51 6
93 53 3
93 55 8
93 57 1
93 62 6
93 66 2
93 75 5
93 76 10
93 77 10
93 79 10
93 81 5
93 83 2
93 84 8
93 94 2
93 99 8
94 7 9
94 8 8
94 9 1
94 11 6
94 13 10
94 14 9
94 15 3
94 16 2
94 17 1
94 20 2
94 21 3
94 24 4
94 28 7
94 31 1
94 33 3
94 35 4
94 36 7
94 38 3
94 42 2
94 45 3
94 51 4
94 52 8
94 54 6
94 56 8
94 58 5
94 59 1
94 60 7
94 62 9
94 63 1
94 67 7
94 71 7
94 77 1
94 78 2
94 79 8
94 80 1
94 81 3
94 82 6
94 83 2
94 84 6
94 85 3
94 86 2
94 88 1
94 89 6
94 92 4
94 95 9
94 98 6
94 99 5
95 2 5
95 4 2
95 6 8
95 8 3
95 11 6
95 13 2
95 15 1
95 17 7
95 21 2
95 23 3
95 26 9
95 29 5
95 31 10
95 32 2
95 38 4
95 39 10
95 40 1
95 45 10
95 46 10
95 48 4
95 58 10
95 59 8
95 60 2
95 62 1
95 65 2
95 66 3
95 69 1
95 71 2
95 74 7
95 75 5
95 79 3
95 81 7
95 83 9
95 85 4
95 89 3
95 91 3
95 93 6
95 97 1
95 99 1
96 1 1
96 2 10
96 4 4
96 5 4
96 8 9
96 9 3
96 10 2
96 11 2
96 13 7
96 15 9
96 16 7
96 17 3
96 18 1
96 20 9
96 21 2
96 23 5
96 24 10
96 26 9
96 28 1
96 29 9
96 30 8
96 32 1
96 35 7
96 38 1
96 44 7
96 45 8
96 47 10
96 48 8
96 49 3
96 51 2
96 57 6
96 60 9
96 63 1
96 64 10
96 70 6
96 72 9
96 74 8
96 76 9
96 78 8
96 79 10
96 80 1
96 82 1
96 83 3
96 84 2
96 87 10
96 88 8
96 89 9
96 90 6
96 93 5
96 94 4
96 95 6
96 97 6
96 99 5
97 2 8
97 4 5
97 5 2
97 6 6
97 8 4
97 14 3
97 16 2
97 17 8
97 19 8
97 25 3
97 26 8
97 28 8
97 29 2
97 30 1
97 33 6
97 37 9
97 44 3
97 46 4
97 47 1
97 50 5
97 51 7
97 56 6
97 57 4
97 58 8
97 64 5
97 65 6
97 66 5
97 67 4
97 68 3
97 69 7
97 71 3
97 72 8
97 82 5
97 83 4
97 84 2
97 86 1
97 87 4
97 88 10
97 89 6
97 90 6
97 91 5
97 93 3
97 94 1
97 99 9
98 1 2
98 2 3
98 3 5
98 6 6
98 10 2
98 11 8
98 12 6
98 13 8
98 20 8
98 22 1
98 24 10
98 25 10
98 26 7
98 27 4
98 31 2
98 32 4
98 37 3
98 40 2
98 46 1
98 47 5
98 50 7
98 54 10
98 55 2
98 57 8
98 58 1
98 62 9
98 66 8
98 69 7
98 70 5
98 71 10
98 72 1
98 74 6
98 75 2
98 76 7
98 79 8
98 80 3
98 81 10
98 83 9
98 88 10
98 92 6
98 93 3
98 95 7
98 97 4
98 99 4
