1000
4950
0 18 3
0 88 4
0 111 9
0 208 3
0 259 4
0 452 5
0 750 3
0 765 5
0 875 5
1 25 6
1 226 8
1 363 8
1 402 9
1 619 10
1 898 10
2 191 4
2 325 1
2 501 3
2 574 5
2 583 10
2 784 5
3 201 2
3 241 8
3 580 5
3 619 2
3 630 7
3 763 9
3 770 7
3 787 8
3 865 9
3 917 7
4 416 4
4 684 4
4 724 7
5 93 4
5 160 3
6 188 8
6 271 5
6 554 9
6 793 10
7 118 3
7 136 8
7 201 6
7 214 7
7 830 9
8 150 3
8 292 4
8 407 9
8 818 10
8 899 5
9 39 4
9 414 6
9 553 8
10 275 5
10 295 1
10 966 6
11 148 4
11 150 6
11 722 4
12 118 6
13 109 2
13 237 1
13 467 5
14 154 7
14 729 10
14 907 3
15 189 4
15 203 1
15 452 1
15 659 1
15 701 6
15 944 10
16 204 8
16 313 6
16 402 7
16 734 8
16 944 1
17 499 5
17 673 3
18 400 9
18 758 4
18 813 6
18 989 8
19 35 10
19 303 6
19 529 4
19 704 1
19 714 6
20 4 8
20 80 9
20 457 4
20 828 8
21 133 7
21 241 5
21 475 10
21 529 3
21 612 6
21 861 9
21 909 5
21 960 7
22 369 10
22 378 9
22 627 4
22 676 7
22 862 8
23 182 7
23 187 6
23 317 5
23 474 5
23 528 6
24 414 9
24 520 9
24 545 3
24 789 6
24 827 8
24 946 2
24 983 10
25 211 1
25 634 10
25 806 9
26 77 10
26 106 3
26 228 5
26 305 8
26 453 10
26 628 10
26 761 9
26 834 5
26 934 6
27 15 7
27 110 9
27 282 7
27 450 6
27 530 8
27 675 6
27 753 9
27 764 6
28 196 10
28 447 9
28 597 2
28 697 6
28 981 2
29 87 3
29 221 8
29 354 2
29 635 8
29 659 3
29 736 2
29 773 6
29 819 10
29 954 8
30 88 2
30 479 1
30 637 9
30 720 2
30 919 3
31 314 3
31 416 10
31 469 5
31 693 2
31 973 8
32 142 10
32 293 1
32 445 1
32 514 6
32 614 8
33 642 2
33 707 7
33 940 5
34 130 6
34 477 10
34 615 3
34 629 8
35 126 3
35 127 9
35 218 1
35 849 3
35 903 6
36 217 1
36 534 6
36 676 6
37 14 4
37 207 10
37 602 2
38 25 9
38 208 8
38 795 4
38 844 2
39 147 6
39 323 7
39 328 2
39 427 1
39 539 6
39 767 7
39 910 1
40 3 6
40 44 5
40 104 9
40 146 3
40 262 6
40 503 4
40 513 1
40 543 2
40 735 6
40 917 6
41 53 3
41 196 5
41 370 10
41 394 6
41 633 6
41 888 10
42 174 8
42 361 10
42 537 8
42 578 9
43 204 9
43 499 5
43 562 3
43 705 9
43 982 1
44 20 6
44 119 4
44 663 4
44 785 1
44 824 9
44 899 10
45 423 8
45 505 3
45 509 9
45 700 9
45 887 4
46 77 6
46 423 7
47 31 9
47 45 4
47 59 8
47 235 2
47 337 9
47 387 5
47 442 10
47 544 8
47 620 7
47 689 3
47 712 3
47 968 2
48 16 5
48 301 6
48 322 1
48 483 9
48 815 7
48 836 7
48 846 3
48 943 2
49 151 3
49 451 10
49 477 6
49 564 1
49 588 2
49 637 10
49 768 6
50 256 7
50 371 7
50 705 9
50 827 4
51 571 7
51 790 9
51 908 1
51 985 1
52 294 10
52 383 5
52 778 5
52 842 1
52 969 2
52 985 4
52 999 9
53 255 4
53 585 6
53 980 4
54 74 4
54 169 4
54 308 2
54 576 8
54 621 10
54 943 1
55 157 9
55 280 2
55 463 2
55 994 4
56 53 2
56 167 4
56 275 2
56 417 3
56 720 10
56 814 3
57 336 8
57 652 1
57 661 4
57 875 10
58 521 8
58 645 7
58 681 5
58 831 7
59 13 9
59 277 3
59 467 1
59 538 3
59 712 3
59 771 7
59 903 10
60 121 4
60 137 9
60 226 6
60 250 6
60 398 10
60 417 3
60 464 3
60 477 9
60 552 5
60 712 4
60 761 5
60 823 9
60 931 3
61 280 3
61 321 1
61 327 8
61 461 5
62 355 1
62 380 4
62 823 10
63 155 1
63 451 2
63 776 2
63 845 9
64 69 7
64 362 5
64 374 6
64 421 7
64 985 9
65 5 7
65 32 8
65 112 2
65 366 9
65 422 2
65 540 5
65 548 9
65 766 2
65 787 6
66 18 9
66 347 4
67 44 9
67 586 9
67 736 4
67 857 4
68 224 7
68 345 4
68 521 5
68 628 10
68 634 10
69 51 4
69 130 10
69 196 7
69 474 6
69 543 10
69 770 8
69 878 4
69 992 7
70 248 5
70 730 1
71 279 2
71 281 7
71 423 2
71 831 6
71 965 5
72 345 1
72 701 7
73 260 4
73 917 4
74 472 8
75 275 9
75 375 5
75 481 2
75 819 4
75 993 5
76 188 1
76 430 10
76 731 6
76 770 2
76 840 6
77 74 9
77 167 4
77 308 2
77 499 10
77 556 5
77 788 3
77 877 2
77 884 1
78 491 8
78 493 6
78 596 3
78 887 3
79 95 9
79 139 4
79 156 8
79 209 1
79 705 8
79 835 7
80 132 10
80 807 9
81 334 9
81 712 8
81 770 6
82 468 8
82 611 4
82 700 5
83 609 6
84 23 8
84 69 3
84 293 10
84 820 4
84 827 10
84 837 3
85 4 10
85 316 3
85 334 10
85 376 8
85 439 6
85 449 9
85 606 5
85 738 1
86 34 4
86 103 2
86 567 5
86 738 4
86 966 1
87 124 6
87 461 6
87 646 9
87 752 4
87 895 2
88 365 5
88 366 5
88 370 10
88 544 4
88 683 5
89 443 8
89 596 3
89 768 6
90 328 1
90 652 6
90 962 5
91 141 5
91 243 5
91 284 2
91 493 3
91 562 7
91 892 5
92 314 1
92 396 6
92 469 7
92 513 1
92 745 7
92 866 6
92 975 4
93 180 8
93 297 6
93 472 5
93 582 1
93 628 8
93 745 10
93 911 4
94 508 2
94 711 5
94 727 3
94 838 2
94 902 10
95 170 3
95 499 8
95 550 9
95 791 4
95 896 8
95 985 9
96 130 10
96 174 6
97 259 8
97 412 10
97 752 6
97 832 6
97 874 10
98 26 2
98 362 9
98 504 9
98 591 4
98 642 4
98 702 8
98 858 3
98 919 4
98 924 3
99 219 3
99 229 3
99 464 10
99 699 1
99 951 6
100 67 6
100 153 3
100 218 3
100 835 9
101 724 5
102 309 1
102 397 1
102 503 7
102 773 8
103 27 5
103 52 1
103 75 10
103 338 7
103 361 6
104 57 3
105 109 6
105 223 3
105 691 1
105 761 8
105 823 2
106 189 8
107 334 5
107 428 9
107 572 1
107 581 4
107 590 4
107 845 2
108 136 10
108 173 5
108 224 1
108 439 1
108 466 4
108 580 4
108 981 2
109 240 2
109 262 8
109 380 6
109 569 10
109 709 5
109 724 8
110 313 1
110 371 2
110 565 2
111 95 10
111 223 8
111 374 6
111 487 9
111 578 6
111 724 5
111 847 9
112 21 10
112 388 1
112 437 6
112 696 7
112 893 8
113 64 1
113 326 10
113 985 6
114 28 7
114 142 2
114 255 10
114 316 3
114 556 6
114 657 10
114 697 8
114 807 4
115 245 8
115 668 8
115 843 9
116 100 5
116 174 8
116 275 6
116 293 5
116 843 3
117 118 1
117 426 7
117 443 9
117 710 5
117 750 7
117 771 8
117 830 2
117 862 2
117 972 2
118 563 3
118 710 1
118 987 3
119 76 9
119 95 10
119 147 1
119 378 9
119 605 3
119 644 4
119 764 7
119 882 4
119 999 1
120 687 7
120 921 4
121 31 9
121 147 8
121 193 9
121 230 4
121 403 10
121 481 3
121 843 6
121 901 5
121 979 8
122 243 4
122 359 4
122 497 2
122 519 8
122 562 4
123 299 3
123 366 6
123 404 1
123 482 1
123 741 9
123 766 1
124 72 3
124 382 5
124 508 8
124 728 3
124 764 7
124 965 1
125 146 1
125 190 2
125 299 5
125 466 3
125 574 4
125 646 4
125 647 3
125 707 5
125 942 5
125 988 4
126 9 9
126 407 3
127 60 1
127 203 6
127 243 1
127 309 5
127 381 6
127 646 5
127 779 9
127 999 1
128 274 10
128 324 1
128 637 7
128 810 6
128 856 7
128 937 6
128 944 10
129 688 4
129 713 3
130 43 5
130 53 5
130 55 1
130 58 1
130 131 1
130 173 4
130 285 2
130 339 4
130 497 5
130 618 6
130 913 3
131 385 3
131 609 10
131 699 2
131 732 2
131 883 10
131 900 8
132 165 9
132 244 9
132 287 10
132 585 4
132 830 9
133 101 7
133 147 9
133 164 5
133 335 7
133 420 2
133 460 7
133 764 4
133 921 2
134 5 8
134 164 4
134 266 5
134 653 9
134 667 1
134 962 8
135 145 10
135 342 2
135 522 9
136 179 10
136 181 9
136 287 1
136 504 8
136 535 10
137 55 6
137 65 8
137 280 6
137 508 4
137 620 6
137 681 6
138 498 10
138 632 2
138 859 8
139 6 8
139 120 7
139 368 9
139 666 9
140 417 7
140 637 10
140 826 7
141 375 8
141 650 4
141 848 10
142 178 1
142 456 7
142 729 2
142 938 10
143 99 4
143 214 2
143 399 3
143 505 1
143 775 8
144 207 2
144 565 8
145 533 8
145 610 4
145 654 4
146 37 6
146 337 1
146 577 9
146 630 1
146 688 2
146 885 9
147 267 4
147 461 9
148 225 5
148 236 2
148 280 2
148 425 8
148 743 9
148 856 9
148 982 3
149 372 5
149 653 10
149 742 5
149 868 1
149 984 3
150 73 7
150 158 9
150 161 9
150 196 4
150 341 3
150 419 2
150 469 6
150 712 8
150 975 7
151 24 7
151 223 4
151 389 5
151 493 4
151 706 5
151 912 7
151 935 4
152 107 7
152 527 8
152 660 9
152 988 3
153 143 3
153 232 6
153 806 6
153 970 2
154 33 3
154 137 7
154 311 5
154 394 5
154 611 5
154 659 4
155 201 4
155 221 1
155 361 5
155 591 2
155 812 9
156 364 5
156 717 5
156 772 3
157 250 8
157 330 2
157 343 3
157 614 6
157 648 3
157 720 2
157 917 7
158 31 4
158 91 8
158 159 4
158 229 10
158 246 8
158 349 2
158 379 2
158 520 1
158 942 4
159 246 2
159 290 4
159 322 2
159 365 7
159 486 1
159 877 7
159 974 7
160 337 10
160 357 3
160 453 3
160 560 4
160 786 2
160 840 9
160 953 3
161 241 3
161 344 2
161 689 9
161 966 3
162 113 5
162 292 3
162 375 8
162 479 8
162 850 4
162 964 6
163 54 6
163 349 9
163 435 4
163 638 4
163 642 5
164 15 9
164 26 8
164 268 10
164 288 8
164 408 10
164 551 2
164 740 8
164 787 1
165 99 2
166 43 9
166 198 8
166 285 1
166 340 6
166 459 1
166 504 10
166 941 4
166 944 5
166 959 10
167 24 2
167 259 4
167 423 5
167 450 6
168 67 6
168 150 8
168 196 9
169 57 2
169 373 6
169 409 4
169 427 4
169 622 2
169 630 5
169 992 5
170 270 3
170 858 10
170 978 4
171 115 7
171 677 2
171 843 5
171 953 1
172 574 10
172 768 1
172 772 9
172 892 10
173 7 2
173 64 6
173 159 10
173 188 1
173 534 6
173 784 3
173 864 2
174 178 6
174 709 5
174 760 3
174 800 4
175 222 1
175 479 10
175 696 2
176 213 10
176 272 4
176 614 2
176 799 10
176 831 10
176 942 3
177 172 4
177 207 6
177 244 8
177 565 3
177 904 3
177 979 3
177 989 8
178 145 2
178 501 4
179 20 9
179 166 5
179 216 8
179 374 8
179 609 8
179 635 1
179 700 9
179 809 2
180 303 6
180 546 6
180 817 5
180 845 7
180 893 6
180 997 7
181 29 9
181 71 5
181 143 10
181 218 4
181 485 3
181 710 10
181 932 10
182 120 8
182 954 2
182 964 3
183 155 6
183 195 10
183 293 6
183 599 2
183 803 4
183 849 8
183 943 3
184 127 2
184 150 2
184 177 4
184 535 8
184 607 2
184 709 5
184 781 2
184 924 6
185 68 10
185 164 4
186 211 4
186 353 3
186 370 1
186 393 9
186 398 8
187 198 5
187 275 10
187 371 8
187 379 9
187 401 7
187 518 4
187 798 2
187 860 10
187 939 1
188 229 1
188 231 1
188 301 4
188 729 10
188 807 9
188 907 7
188 960 8
189 173 8
189 362 2
189 506 10
189 798 4
189 843 6
189 874 2
189 915 4
190 288 9
190 409 5
190 563 7
190 967 9
191 44 6
191 400 7
191 419 7
192 60 8
192 174 6
192 613 3
192 743 9
192 924 1
193 153 8
193 505 3
193 526 6
193 611 5
194 552 5
194 799 10
194 872 3
194 950 5
195 201 4
195 313 2
195 379 8
195 417 3
195 419 1
195 675 8
195 999 8
196 703 5
196 716 6
196 978 3
196 988 3
197 45 7
197 158 10
197 608 2
197 675 2
198 41 1
198 144 5
198 502 8
198 534 9
198 721 4
198 902 4
199 115 5
199 127 10
199 228 9
199 344 7
199 827 2
200 254 5
200 395 7
200 667 5
200 870 9
200 885 5
201 25 6
201 170 4
201 377 7
201 396 10
201 540 7
201 629 7
202 318 1
202 824 7
203 67 8
203 387 7
203 470 6
203 611 10
203 687 2
203 707 1
203 889 5
203 989 1
203 996 3
204 25 8
204 225 8
204 511 5
204 624 8
204 855 5
204 899 5
205 511 7
205 647 1
205 816 2
205 849 5
206 88 4
206 447 8
207 86 6
207 143 5
207 197 4
207 274 1
207 336 8
207 687 9
208 143 6
208 210 3
208 537 7
208 670 4
208 742 2
208 928 3
208 964 9
209 140 7
209 363 4
209 464 4
209 480 8
209 771 7
209 796 2
209 851 6
209 884 9
209 989 6
210 395 10
211 104 1
211 143 10
211 247 6
212 151 5
212 517 3
213 83 10
213 93 10
213 152 5
213 200 7
213 240 8
213 414 7
213 661 10
214 305 9
214 616 2
214 692 2
214 853 8
214 895 10
214 982 2
215 222 5
215 253 1
215 515 2
215 697 7
216 143 7
216 361 10
216 659 2
216 876 1
217 238 9
217 690 9
218 201 4
218 530 5
218 871 10
219 445 9
219 593 3
219 741 6
219 988 9
220 80 5
220 202 3
220 267 8
220 426 10
220 824 6
220 856 6
220 944 8
221 51 5
221 255 9
221 296 2
221 419 3
221 644 3
221 675 5
221 841 6
222 41 5
222 263 3
222 535 2
222 741 8
223 17 4
223 186 9
223 188 8
223 320 8
223 474 6
223 496 5
223 534 7
223 585 7
223 664 10
223 785 7
224 627 8
224 687 3
224 846 7
224 862 9
224 872 3
225 290 4
225 382 8
225 668 9
225 817 2
226 128 9
226 579 4
227 72 9
227 779 8
227 815 9
227 927 2
227 952 8
228 10 7
228 47 8
228 316 3
228 978 3
229 18 6
229 117 3
229 385 6
229 463 10
229 702 7
229 855 3
230 148 5
230 262 6
230 330 2
230 384 8
230 984 7
231 148 7
231 717 8
231 973 3
232 53 4
232 54 4
232 66 7
232 321 8
232 585 9
232 660 6
232 720 8
232 811 3
232 833 6
232 850 6
233 36 8
233 380 8
233 394 4
233 803 2
233 833 3
233 854 8
234 175 10
234 507 1
234 738 7
234 948 3
235 40 4
235 63 5
235 69 5
235 608 4
235 616 5
235 919 10
236 44 1
236 289 6
236 350 7
236 452 7
236 510 3
236 523 7
236 570 2
236 882 3
236 945 9
236 972 6
237 101 6
237 207 4
237 262 6
237 435 1
237 784 3
237 859 1
238 107 1
238 126 1
238 197 9
238 228 2
238 575 6
238 641 3
239 209 6
239 255 3
239 434 6
239 490 10
239 493 5
239 654 7
239 881 7
239 976 1
240 106 5
240 514 5
241 199 2
241 440 7
241 521 2
241 539 9
241 854 9
242 74 8
242 372 6
242 535 2
242 688 5
243 84 5
243 86 6
243 123 3
243 214 1
243 384 9
243 455 2
243 602 2
243 843 9
244 191 1
244 607 3
244 826 5
244 971 6
245 365 10
245 404 8
245 688 4
245 855 4
246 208 8
246 838 5
246 877 3
247 32 10
247 334 3
247 372 1
247 412 2
247 497 5
247 542 8
247 804 6
247 825 9
247 972 9
248 239 9
248 776 3
248 869 8
249 456 6
249 515 10
249 542 4
249 761 10
249 860 2
250 56 9
250 353 1
250 562 3
250 998 9
251 5 2
251 169 10
251 177 9
251 520 10
251 615 6
251 934 7
252 7 2
252 18 3
252 26 4
252 288 5
252 518 2
253 31 10
253 210 8
253 238 2
253 352 10
253 393 8
253 800 3
254 171 9
254 624 5
255 49 4
255 93 2
255 397 1
255 883 9
256 624 5
257 181 8
257 386 4
257 478 5
257 584 7
257 810 6
257 873 8
258 51 7
258 218 2
258 394 2
258 513 2
258 539 3
258 947 8
259 54 4
259 493 6
259 536 7
259 744 8
259 990 4
260 1 5
260 28 8
260 270 2
260 320 3
260 549 3
260 691 10
261 2 5
261 93 4
261 819 10
262 23 7
262 315 3
262 320 3
262 621 4
263 113 1
263 273 3
263 481 10
263 598 7
264 89 8
264 116 10
264 647 8
265 303 8
265 675 8
266 168 6
266 568 8
267 107 1
267 719 3
267 831 5
268 161 9
268 292 2
268 373 1
268 670 5
269 119 1
269 129 4
269 221 7
269 344 3
269 462 1
269 465 3
269 531 6
269 986 9
269 998 6
270 115 4
270 363 8
270 490 4
270 611 9
270 730 3
271 23 4
272 226 9
272 579 7
272 667 3
272 850 6
272 877 9
272 888 9
272 964 2
273 85 5
273 440 9
273 482 4
273 835 4
273 848 1
274 127 8
274 182 4
274 296 9
274 640 9
275 252 8
275 310 3
275 418 3
275 814 8
275 844 4
275 893 8
276 857 10
277 81 7
277 142 2
277 391 3
277 590 8
277 809 4
277 929 6
277 957 8
278 54 3
278 100 2
278 261 2
278 432 2
278 997 9
279 125 4
279 271 2
279 314 6
279 342 5
279 574 10
279 577 10
279 746 7
279 807 6
280 41 9
280 479 9
281 140 7
281 576 1
281 989 1
282 31 1
282 82 8
282 715 3
282 813 1
283 221 10
283 242 8
283 510 4
283 583 6
283 587 7
283 884 2
284 157 3
284 316 3
284 355 3
284 427 9
284 775 8
284 863 9
284 906 10
285 30 4
285 56 9
285 87 10
285 447 5
285 700 2
285 951 7
286 78 5
286 97 8
286 198 1
286 245 2
286 457 6
286 497 5
286 596 3
286 658 7
286 723 9
286 799 6
286 895 4
286 937 2
287 88 5
287 521 10
287 669 2
287 745 3
287 781 10
287 881 7
287 942 10
288 20 6
288 453 4
288 712 2
288 756 2
289 173 1
289 229 7
289 321 3
289 510 8
289 738 9
289 946 8
290 541 1
290 675 2
290 819 2
290 904 1
290 937 3
291 70 7
291 91 6
291 114 6
291 210 6
291 314 6
291 331 3
291 497 8
291 554 6
291 586 2
291 717 9
291 986 3
292 282 7
292 481 4
292 508 6
292 656 6
292 755 6
292 780 2
292 835 1
292 868 5
292 903 5
293 297 4
293 393 1
293 627 1
293 631 9
293 923 3
294 115 10
294 234 9
294 240 6
294 888 3
294 928 1
295 8 9
295 95 9
295 123 9
295 375 3
295 392 4
296 167 1
296 434 1
296 501 6
296 824 4
297 12 5
297 82 2
297 151 2
297 464 6
297 576 9
297 863 2
298 14 2
298 434 4
298 489 2
298 541 2
298 857 10
299 556 4
300 954 7
301 60 9
301 357 1
302 369 8
302 932 5
303 70 5
303 230 5
303 342 1
303 385 10
303 426 2
303 566 7
303 602 6
303 727 9
303 877 2
304 139 7
304 863 8
305 29 5
305 280 3
305 397 4
305 523 10
305 968 6
306 398 6
306 556 4
306 760 1
306 767 8
307 176 3
308 98 6
308 164 10
308 369 4
308 461 10
308 477 3
308 785 1
309 65 2
309 390 4
309 565 10
309 683 3
310 167 4
311 480 8
312 419 7
312 739 1
312 907 9
312 918 3
312 993 10
313 492 7
313 642 3
313 718 1
313 926 7
314 343 8
315 294 6
315 368 1
315 423 3
315 573 3
315 668 8
315 766 7
316 108 10
316 465 5
316 547 8
316 569 1
316 758 5
316 785 3
316 813 7
317 122 4
317 195 9
317 407 9
317 442 3
317 923 1
317 945 2
318 131 7
318 258 8
318 359 3
318 386 8
318 439 1
318 527 6
318 839 5
318 942 5
319 122 1
319 310 6
319 313 7
319 662 9
319 667 2
319 979 7
320 383 4
320 533 5
320 663 3
320 744 8
321 156 1
321 392 9
321 536 6
321 806 7
321 833 9
321 861 9
322 113 3
322 298 8
322 347 6
322 620 6
323 558 10
324 109 2
324 558 7
325 144 5
325 194 5
325 367 1
325 601 1
325 766 6
325 980 10
326 228 6
326 321 7
326 691 2
326 750 8
327 380 8
327 680 3
327 947 5
329 286 7
329 666 10
329 829 6
329 905 2
330 118 3
330 146 3
330 478 3
330 508 2
330 591 2
330 609 8
330 815 10
330 902 6
331 41 9
331 52 1
331 141 3
331 461 2
331 739 6
331 742 6
332 421 6
332 514 10
332 612 2
332 661 6
333 484 2
333 665 2
334 65 5
334 568 7
334 754 7
334 836 4
334 843 1
335 431 2
335 536 7
335 653 8
335 710 6
335 762 5
335 820 3
336 61 10
336 293 1
336 408 1
336 750 2
336 809 10
337 107 10
337 248 9
337 275 5
337 389 3
337 403 2
337 489 4
337 573 9
337 721 5
337 802 7
338 215 2
339 308 3
339 707 7
339 739 5
340 156 10
340 366 6
340 835 3
340 966 5
341 131 10
341 734 3
342 151 2
342 301 2
342 309 2
342 335 6
342 891 10
342 998 5
343 41 6
343 262 10
343 800 7
343 853 7
343 964 3
344 282 10
344 289 1
344 349 2
344 587 2
344 655 6
345 69 6
345 624 2
345 865 7
345 881 3
346 238 3
346 348 10
346 687 7
346 855 7
347 73 10
348 27 4
348 492 9
348 670 5
349 176 4
349 274 8
350 265 1
350 400 7
350 504 2
350 780 4
350 788 8
350 931 9
350 974 5
351 23 10
351 201 7
351 504 3
351 558 3
351 956 1
352 75 6
352 88 9
352 159 7
352 161 2
352 319 4
352 653 6
352 940 10
353 25 10
353 460 10
353 489 2
353 588 5
353 772 7
353 779 8
353 858 5
354 99 2
354 291 2
354 560 3
354 579 5
354 630 8
354 872 10
354 954 10
355 368 7
355 460 2
355 852 7
355 865 8
355 909 6
356 59 4
356 73 4
356 85 4
356 117 1
357 60 3
357 144 7
357 398 10
357 523 10
357 546 6
357 774 5
357 905 7
358 64 6
358 460 1
358 540 2
358 620 10
358 973 5
359 394 4
359 430 5
359 814 9
360 262 7
360 528 7
360 570 8
360 632 3
360 959 8
361 37 10
361 110 1
361 174 5
361 186 1
361 365 8
361 868 10
361 892 6
361 918 4
361 932 10
362 190 5
362 258 10
362 317 9
362 336 1
362 425 3
362 436 8
363 91 4
363 228 5
363 364 4
363 545 1
363 899 5
363 942 2
364 393 1
364 545 8
364 572 1
364 715 9
365 411 5
365 520 5
365 815 6
365 883 5
366 48 9
366 488 4
366 602 2
366 780 3
366 915 1
367 359 9
367 485 3
367 726 4
367 928 10
368 89 5
368 503 3
368 582 10
369 171 1
369 361 1
369 366 1
369 899 6
369 981 5
370 284 8
370 301 4
370 525 5
370 625 3
370 806 10
371 479 5
371 615 6
371 844 1
371 869 2
372 1 2
372 512 2
373 74 2
373 95 10
374 169 4
374 188 2
374 241 2
374 389 8
375 374 1
375 966 10
376 97 10
376 153 4
376 269 8
376 495 1
376 768 10
376 904 10
377 470 10
378 82 6
378 201 5
378 367 7
378 737 3
379 114 9
379 309 1
379 366 4
379 398 9
379 505 7
379 865 1
379 982 5
381 83 8
381 125 5
381 348 1
381 358 9
381 463 6
381 605 2
381 800 4
382 406 1
382 880 4
383 298 1
383 356 5
383 552 4
383 809 5
383 893 1
384 34 10
384 104 7
384 383 9
384 425 7
384 545 2
384 745 6
384 881 10
385 157 9
385 431 3
385 476 8
385 644 1
386 138 5
386 169 6
386 429 5
386 432 2
386 665 8
386 671 4
386 800 5
387 29 5
387 62 6
387 366 1
388 790 9
388 898 5
389 131 4
389 161 3
389 378 3
389 434 6
389 528 5
389 549 9
389 916 1
390 255 6
390 482 4
390 529 5
390 608 7
391 142 4
391 214 3
391 732 6
391 851 10
392 297 6
393 177 10
393 191 6
393 756 9
394 102 2
394 134 5
394 151 9
394 436 8
394 537 3
394 621 4
394 860 8
394 957 3
395 176 6
395 613 10
395 814 7
395 873 7
396 208 7
396 431 4
396 572 8
396 995 1
397 10 6
397 40 4
397 89 7
397 93 9
397 126 6
397 279 2
397 408 8
397 434 5
397 612 6
397 698 5
397 871 5
398 182 3
398 315 10
398 386 5
398 605 4
399 76 10
399 231 8
399 266 5
399 842 4
399 856 2
399 900 10
400 120 2
400 206 1
401 672 8
401 911 8
401 988 1
402 162 5
402 338 1
402 443 9
402 922 2
402 928 10
403 23 10
403 196 6
403 250 7
403 359 3
403 400 7
403 718 9
403 759 9
404 605 3
404 741 10
404 778 6
404 833 4
404 886 5
404 969 3
404 978 2
405 21 7
405 270 9
405 691 8
405 748 8
405 821 9
406 21 4
406 100 4
406 251 3
406 324 4
406 999 4
407 27 1
407 115 3
407 194 4
407 223 1
407 270 1
407 280 5
407 376 4
407 576 3
407 615 5
407 726 4
407 733 2
407 811 1
407 919 7
407 946 9
408 139 4
408 167 10
408 658 3
408 672 10
409 62 4
409 125 6
409 140 10
409 161 5
409 350 8
409 646 6
409 931 6
409 945 9
410 210 8
410 306 4
410 549 3
410 748 2
410 785 7
410 913 3
410 937 9
410 999 2
411 218 5
411 346 8
411 402 7
411 508 6
411 751 10
412 40 6
412 77 5
412 88 1
412 173 2
412 269 5
412 330 10
412 437 5
412 491 8
412 566 6
413 656 10
413 820 7
414 2 3
414 442 2
415 303 10
415 541 1
415 752 8
416 84 4
416 108 10
416 662 8
417 74 10
417 424 5
417 792 3
417 959 8
417 975 6
418 40 5
418 118 7
418 712 6
419 153 7
419 325 2
419 997 3
420 324 6
420 516 8
420 861 10
421 62 4
421 237 3
421 375 3
421 392 4
421 506 8
422 146 7
422 321 5
422 525 3
422 573 4
422 667 7
423 30 10
423 60 9
423 141 4
423 609 1
424 535 8
424 619 8
425 365 7
425 460 7
425 738 3
426 444 1
426 597 1
426 932 6
427 364 6
427 384 10
427 448 7
427 519 3
427 602 7
427 816 3
427 872 7
427 956 6
428 327 1
428 379 6
428 399 3
428 429 2
428 506 9
428 954 3
429 109 2
429 112 7
429 813 4
429 920 3
430 12 1
430 65 5
430 282 5
430 807 2
431 135 7
431 205 2
431 359 3
431 390 10
431 482 1
431 547 4
431 927 9
431 931 4
432 143 4
432 637 4
432 835 10
433 22 7
433 211 1
433 276 6
433 398 2
433 699 2
434 405 9
434 747 2
434 748 8
434 956 10
434 987 6
435 37 8
435 49 5
435 199 5
435 697 3
435 746 5
435 924 6
436 430 9
436 531 6
436 618 7
436 697 1
437 47 3
437 393 6
437 470 6
437 516 9
437 752 7
438 145 1
438 301 1
438 399 4
438 422 2
438 509 4
438 723 10
438 784 10
438 860 4
439 428 6
439 487 6
439 583 8
439 725 1
439 957 5
440 111 10
440 187 1
440 417 6
440 493 4
440 665 6
440 847 9
440 929 6
440 995 10
441 306 4
441 395 8
441 636 8
441 691 1
441 738 8
441 898 2
442 274 10
443 123 2
443 204 4
443 769 9
444 16 4
444 160 4
444 204 10
444 295 5
444 363 10
444 461 1
444 801 4
445 52 3
445 64 9
445 352 10
445 663 7
445 794 2
445 945 5
446 193 4
446 581 8
446 823 7
446 879 2
447 9 9
447 150 10
447 207 2
447 211 4
447 326 1
448 451 9
448 622 2
448 721 4
449 63 7
449 139 1
449 290 2
449 375 1
449 391 1
449 417 5
449 442 3
449 555 8
449 576 8
449 597 7
450 62 3
450 487 5
450 571 7
451 55 6
451 89 6
451 335 5
451 710 7
452 43 8
452 83 2
452 625 6
453 251 9
453 293 6
453 587 10
454 231 8
454 357 7
454 384 10
454 397 8
454 568 7
454 617 7
454 758 5
454 858 7
454 925 10
455 407 1
455 441 7
455 607 1
455 688 7
456 89 6
456 296 8
456 504 1
456 506 8
457 34 10
457 84 9
457 124 2
457 256 10
457 266 4
457 517 10
457 587 10
457 618 5
457 653 7
457 684 10
458 279 4
458 597 9
458 629 3
459 245 4
459 447 5
459 692 7
459 928 8
460 47 7
460 116 8
460 227 6
460 582 9
460 687 3
460 879 8
460 958 3
460 964 10
461 4 2
461 28 9
461 666 4
462 23 5
462 199 3
462 305 7
462 890 7
463 433 6
463 703 2
463 993 6
464 160 9
464 177 3
464 218 3
464 387 3
464 467 5
464 812 8
464 842 10
465 18 4
465 47 7
465 70 3
465 325 8
465 436 8
465 475 10
465 707 2
465 822 8
465 858 4
466 209 7
466 210 6
466 266 6
466 501 2
466 568 8
466 622 6
466 661 8
466 772 9
467 8 4
467 75 2
467 127 1
467 431 6
467 894 5
467 959 8
468 141 9
469 581 7
469 696 1
470 65 5
470 84 9
470 503 5
470 638 5
470 760 4
470 766 10
470 961 6
471 140 9
471 245 1
472 171 1
472 179 5
472 226 3
472 504 5
472 603 4
472 981 2
473 126 8
473 732 5
473 737 7
473 927 1
474 133 10
474 478 7
474 539 5
474 896 6
475 66 7
475 67 3
475 268 6
475 407 9
475 433 4
475 587 8
475 797 4
476 152 2
476 244 4
476 282 7
476 394 3
476 442 1
476 692 7
476 886 2
476 985 7
477 67 2
477 157 5
477 287 10
477 364 1
477 469 8
477 849 1
478 124 2
478 473 3
479 579 1
479 744 8
479 771 7
479 785 7
479 813 10
479 815 2
480 497 5
480 622 1
480 797 8
480 873 4
480 929 6
480 979 10
481 820 8
481 865 8
481 875 6
481 928 5
481 940 8
482 793 7
482 987 7
482 995 2
483 610 5
483 676 4
483 897 4
484 198 4
484 322 5
484 633 7
484 693 3
484 842 8
485 207 6
485 462 6
485 477 2
485 761 6
485 974 2
486 44 3
486 161 6
486 427 10
487 326 1
487 653 5
487 699 3
487 860 2
487 896 8
487 991 3
488 24 9
488 78 8
488 270 8
488 507 1
488 656 6
488 664 7
489 84 6
489 526 5
489 565 6
489 696 1
489 813 6
490 77 10
490 255 5
490 597 9
490 657 1
490 765 2
490 847 3
490 868 5
490 982 5
491 256 2
491 602 8
492 596 5
492 801 9
492 891 9
493 137 7
493 208 9
493 663 5
493 836 4
494 328 10
494 418 2
494 489 9
495 387 9
495 688 8
495 795 7
496 192 6
496 539 9
496 573 3
496 676 3
496 808 7
496 948 1
496 976 10
497 50 4
497 56 5
497 267 2
497 464 9
497 500 6
497 737 1
497 739 4
497 758 9
497 826 1
497 927 3
497 951 4
498 139 2
498 154 5
498 266 7
498 928 4
499 120 5
499 185 7
499 774 9
500 130 6
500 162 4
500 227 2
500 542 5
500 557 3
501 306 1
501 675 3
501 760 3
501 771 4
501 981 5
502 2 3
502 262 4
502 393 1
502 490 1
502 494 10
502 938 7
503 62 9
503 78 3
503 326 10
503 767 4
503 823 2
503 879 8
503 964 8
505 230 3
505 381 3
505 425 1
506 20 1
506 231 1
507 801 5
508 106 9
508 450 6
509 114 3
509 341 10
509 389 1
509 452 6
509 695 9
509 936 4
509 962 4
510 349 3
510 462 6
510 906 2
511 87 2
511 248 7
511 400 2
511 735 10
512 128 9
512 260 7
512 700 2
513 34 10
513 328 7
513 394 6
513 407 5
513 416 6
513 430 1
513 475 3
513 704 4
514 83 2
514 423 5
514 736 6
514 928 9
515 91 5
515 154 3
515 192 7
515 298 4
515 367 3
515 662 8
516 16 4
516 121 1
516 177 9
516 284 1
516 298 5
516 499 7
516 534 3
516 664 10
516 713 5
517 398 5
517 744 10
517 843 2
517 927 3
518 13 9
518 133 3
518 305 4
518 516 7
518 675 5
518 911 6
519 29 1
519 452 7
519 794 3
520 130 9
520 224 2
520 315 10
521 473 5
521 726 10
521 973 4
522 217 4
522 543 7
522 617 3
522 879 7
523 78 10
523 83 7
523 220 10
523 551 4
523 710 7
523 762 10
524 81 9
524 133 3
524 181 1
524 344 2
524 530 5
524 625 6
524 651 10
524 837 5
524 877 5
524 945 9
525 173 3
525 447 7
525 628 4
526 39 5
526 67 2
526 308 4
526 576 9
526 593 5
526 614 8
527 30 4
527 63 2
527 140 8
527 212 8
527 420 2
527 488 3
527 710 6
528 83 9
528 145 6
528 530 8
528 567 4
528 852 8
528 993 3
529 446 7
529 720 9
529 877 10
530 65 2
531 322 2
531 452 1
531 556 4
531 668 4
531 877 1
531 884 10
532 122 3
532 318 3
532 331 2
532 381 10
533 364 1
533 383 7
533 494 6
533 623 6
533 904 3
533 974 5
534 154 5
534 233 1
534 396 8
534 618 4
535 366 8
535 551 9
535 652 10
535 880 10
535 904 2
536 116 8
536 154 1
536 799 9
537 43 10
537 266 4
537 844 9
538 170 8
538 234 6
538 401 9
538 475 5
538 497 4
538 794 9
539 448 6
539 547 10
539 712 9
539 725 10
539 873 5
540 71 6
540 136 6
540 227 6
540 454 4
540 634 8
540 822 3
541 120 8
541 168 4
541 345 9
541 476 9
541 571 3
541 745 9
542 209 6
542 341 5
542 404 2
542 431 9
542 961 10
543 635 8
543 761 8
543 764 8
543 810 7
544 456 10
544 563 4
544 868 7
544 870 3
545 139 3
545 200 8
545 842 10
546 92 2
546 366 6
546 447 9
546 644 5
546 908 8
547 625 7
547 669 4
547 930 1
548 66 4
548 168 7
548 222 1
548 338 10
548 616 6
548 715 1
548 945 10
549 162 10
549 293 1
549 358 4
549 608 8
550 254 9
550 265 3
550 804 6
550 829 2
551 59 1
551 88 9
551 589 4
551 606 9
551 747 4
551 766 6
551 801 3
552 135 8
552 463 7
552 484 2
552 549 6
552 588 4
552 747 1
553 34 9
553 262 8
553 263 8
553 305 9
553 663 9
553 719 3
553 788 2
553 870 6
554 15 4
554 35 1
554 163 5
554 539 10
554 637 9
555 56 7
555 102 8
555 354 3
555 791 3
555 882 2
556 199 4
556 355 7
556 433 2
556 476 9
556 597 3
556 708 9
557 166 6
557 532 1
557 535 4
557 798 1
557 814 8
558 112 10
558 331 9
558 382 2
558 507 7
558 854 3
558 947 3
559 132 8
559 907 8
560 145 2
560 460 3
560 631 8
560 649 7
560 700 9
560 984 5
561 302 1
561 319 8
561 411 9
561 482 3
561 714 5
561 914 1
562 460 5
562 629 5
563 5 4
563 275 10
563 893 3
563 963 1
564 653 10
564 836 9
564 869 1
565 12 7
565 68 9
565 158 10
565 301 6
565 342 9
565 910 2
565 997 2
566 30 7
566 60 8
566 143 2
566 197 4
566 832 5
567 207 5
567 248 5
567 556 10
567 810 6
568 203 7
568 244 5
568 807 9
568 885 1
568 934 7
568 966 5
569 432 4
569 669 9
569 712 9
569 807 2
569 875 1
570 149 8
570 262 9
570 447 4
570 606 10
570 823 4
571 59 3
571 354 10
571 466 8
571 720 9
571 759 7
571 871 9
572 427 4
572 471 2
572 492 4
572 529 7
572 606 7
572 783 3
573 20 9
573 149 4
573 159 1
573 262 5
573 281 9
573 595 9
573 829 8
574 11 8
574 12 1
574 140 10
574 437 6
574 495 7
574 736 10
574 853 7
575 252 9
575 526 10
575 781 5
576 26 4
576 451 10
576 612 2
577 376 2
577 643 2
577 919 4
578 15 3
578 236 5
578 384 9
578 447 10
578 491 3
578 751 3
578 873 6
578 874 4
578 930 8
579 207 4
579 356 6
579 405 4
579 573 5
579 758 3
580 113 9
580 655 2
580 672 7
580 788 5
580 908 6
581 620 4
581 646 3
582 117 7
582 157 5
582 411 5
582 429 4
582 437 2
582 658 3
582 735 1
582 844 4
583 227 8
583 515 10
583 624 7
583 695 1
583 980 9
584 181 5
584 986 7
585 25 2
585 167 1
585 178 6
585 350 9
586 59 10
586 132 4
586 583 4
586 626 6
586 821 2
586 889 1
586 962 6
587 140 9
587 270 9
587 895 9
587 897 2
587 948 10
588 607 1
588 773 2
588 869 5
589 271 5
589 670 6
590 177 6
590 223 3
590 236 10
590 241 5
590 308 10
590 316 10
590 339 4
590 875 7
590 970 10
591 41 6
591 213 1
591 351 5
591 408 10
591 457 2
591 650 4
591 679 6
591 759 6
592 53 10
592 157 9
592 504 1
593 279 3
593 286 2
593 586 8
593 599 1
593 740 1
593 761 3
593 790 5
594 143 10
594 172 4
594 414 7
594 909 2
594 981 5
595 321 1
595 327 10
595 341 3
595 471 5
595 486 3
595 730 2
595 893 3
596 336 8
596 542 10
596 835 1
596 942 6
596 991 4
597 721 1
597 889 7
597 956 3
598 70 10
598 99 2
598 474 4
598 567 9
598 688 5
598 931 3
599 218 7
599 224 10
599 292 5
599 455 3
599 497 1
599 666 9
599 685 5
599 705 8
599 844 3
600 361 4
600 507 7
600 515 3
600 666 8
600 723 4
600 750 4
600 894 1
601 107 2
601 192 3
601 376 9
601 377 3
601 831 7
601 835 3
602 116 5
602 219 3
602 395 9
602 624 5
602 754 5
602 801 9
603 902 6
603 936 5
604 32 6
604 175 8
604 551 10
604 636 9
605 150 2
605 240 2
605 351 10
605 358 4
605 553 6
606 577 5
606 730 6
606 945 3
607 276 4
607 282 9
607 585 9
607 704 1
607 792 7
607 853 4
608 255 3
608 385 2
608 829 2
608 904 10
609 56 9
609 74 10
609 175 7
609 278 2
609 357 2
609 518 5
610 8 5
610 221 8
610 330 3
610 412 8
610 570 7
610 740 8
611 74 6
611 289 8
611 586 2
611 618 10
611 685 10
611 708 9
611 776 3
611 917 7
611 930 8
612 2 10
612 194 7
612 200 1
612 341 2
612 475 1
612 617 3
612 752 7
612 949 8
613 50 4
613 65 2
613 382 6
613 804 10
613 852 9
614 115 7
614 343 6
614 438 8
614 917 10
614 993 10
615 468 5
615 809 7
615 885 4
616 158 4
616 211 7
616 215 3
616 378 10
616 688 2
616 796 1
616 861 4
616 864 6
617 809 8
617 851 2
617 952 3
618 78 8
618 249 5
618 313 3
618 557 10
618 642 6
619 79 4
619 168 5
619 217 10
619 323 4
619 562 4
619 616 7
619 885 4
619 953 8
620 60 5
620 182 1
620 561 9
620 827 6
620 994 10
620 997 1
621 129 6
621 379 6
621 438 7
621 610 2
621 615 4
621 655 1
621 781 2
621 850 7
621 886 4
622 17 9
622 120 6
622 439 1
622 585 4
622 634 9
622 678 4
622 801 1
622 955 9
622 965 4
623 237 3
623 357 2
623 529 5
623 665 4
623 667 6
623 713 3
623 745 7
623 861 3
623 881 9
624 29 4
624 56 10
624 226 1
624 297 4
625 4 7
625 419 5
625 696 9
625 713 7
625 759 4
626 67 1
626 77 2
626 293 4
626 377 3
626 534 6
626 579 8
626 689 4
626 781 5
627 185 10
627 233 6
627 417 8
627 708 10
627 905 3
628 230 7
628 316 3
628 690 5
628 702 4
629 255 5
629 464 10
629 674 4
629 850 6
629 929 5
630 195 6
630 559 6
630 789 5
630 904 2
631 19 1
631 222 9
631 318 9
631 719 10
631 850 10
632 79 6
632 165 7
632 638 7
632 779 5
633 94 2
633 233 7
633 335 7
633 728 2
633 974 10
634 182 8
634 193 1
634 278 8
634 495 3
634 659 1
634 692 9
634 806 4
634 814 7
635 24 6
635 47 6
635 319 4
635 461 7
635 660 5
635 921 4
636 212 8
636 412 1
636 642 8
636 699 6
636 881 4
636 940 1
637 350 6
637 438 4
637 703 6
637 834 5
638 285 2
638 706 7
639 23 2
639 159 5
639 643 1
640 499 8
640 511 7
640 752 1
640 803 2
641 375 4
641 520 4
641 635 8
642 107 5
642 118 4
642 269 9
642 363 3
642 621 1
643 42 1
643 389 6
643 782 8
643 805 4
643 861 10
643 944 7
644 341 9
644 540 8
644 574 3
644 621 2
645 99 10
645 108 2
645 129 8
645 225 8
645 482 6
645 762 9
646 401 9
646 602 9
646 665 9
646 822 10
647 303 5
647 328 3
647 334 5
647 372 7
647 687 9
647 924 3
648 388 1
648 487 5
648 488 3
648 543 10
648 766 7
649 164 4
649 221 7
649 663 4
650 48 5
650 270 6
650 456 4
650 490 4
650 589 2
650 752 4
650 809 7
651 437 4
651 498 6
651 514 5
651 905 5
651 964 5
651 980 5
652 123 2
652 353 5
652 655 6
652 671 8
652 919 7
653 73 7
653 102 1
653 128 5
653 332 7
653 401 9
653 638 1
653 950 3
654 72 3
654 323 9
654 493 1
654 930 3
655 36 10
655 189 9
655 205 6
655 341 3
655 383 8
655 385 8
655 428 8
655 604 3
656 121 6
656 168 9
656 291 8
656 418 8
656 579 1
656 586 9
656 688 6
656 968 8
657 182 6
657 259 9
657 323 3
657 516 3
657 705 8
657 807 8
658 314 4
658 327 6
658 396 10
658 406 1
658 409 6
658 454 7
658 692 6
658 702 1
659 326 5
659 782 9
660 441 9
660 855 7
661 106 7
661 321 9
661 443 4
661 461 4
661 683 1
662 55 5
662 156 7
662 190 1
662 311 3
662 627 5
662 722 4
662 726 10
662 986 8
663 354 8
663 465 4
663 482 7
663 589 6
663 606 5
663 669 2
663 690 6
664 124 8
664 165 9
664 173 6
664 323 2
664 591 8
664 781 7
664 867 7
664 913 5
665 113 2
665 259 5
665 424 5
665 445 1
665 493 4
665 514 8
665 835 4
666 19 10
666 34 10
666 152 8
666 182 5
666 375 4
666 417 8
666 505 4
666 953 4
667 248 7
667 690 3
668 323 5
668 385 1
668 494 6
668 522 4
668 691 6
669 293 8
669 974 6
670 327 1
670 769 7
670 847 9
670 946 4
671 288 2
671 945 10
672 226 4
672 611 1
672 792 1
672 809 5
672 905 8
673 122 4
673 208 1
673 324 5
673 353 1
673 366 7
673 814 2
673 977 8
674 159 4
674 447 10
674 638 7
674 655 5
674 968 9
675 5 5
675 233 1
675 364 6
675 428 10
675 572 2
675 730 1
676 223 6
676 253 3
676 947 7
677 230 9
677 405 8
677 438 7
677 569 9
678 6 7
678 42 6
678 266 10
678 437 4
678 560 2
678 807 7
679 262 3
679 426 1
679 503 1
679 549 9
679 554 4
679 623 7
679 637 9
679 887 10
680 103 7
680 381 9
680 447 9
680 586 10
681 84 2
681 133 8
681 304 1
681 317 9
681 515 6
681 525 8
681 541 2
681 558 6
681 611 1
682 402 7
682 453 1
682 604 1
683 83 7
683 119 7
683 489 5
683 964 9
684 96 4
684 185 6
684 513 7
684 564 3
684 736 1
684 922 10
685 700 8
686 155 1
686 200 5
686 370 8
686 398 2
686 442 1
686 616 8
686 709 3
686 718 7
686 807 7
686 808 9
686 929 3
686 935 5
686 975 2
687 14 10
687 49 8
687 90 10
687 166 9
687 281 1
687 344 2
687 403 4
687 414 3
687 479 1
687 546 5
687 789 3
687 895 3
688 9 2
688 92 5
688 187 9
688 394 7
688 478 1
689 11 1
689 252 5
689 419 5
689 523 3
689 840 1
690 162 6
690 275 3
690 513 2
690 796 3
691 127 9
691 184 10
691 603 1
691 627 6
691 705 10
691 830 3
692 37 6
692 62 4
692 695 6
692 996 8
693 347 5
693 760 8
693 939 3
694 53 5
694 91 2
694 205 10
694 215 8
694 317 3
694 534 3
694 656 8
694 837 5
694 844 8
694 860 8
695 162 5
695 307 6
695 880 8
696 249 6
696 450 7
696 739 9
696 746 4
696 794 6
697 302 5
697 405 5
697 805 7
697 944 2
698 292 4
698 664 4
698 904 7
698 973 3
698 991 6
699 299 10
699 329 8
699 675 5
699 771 5
699 964 10
699 989 2
700 536 3
700 561 10
700 704 8
701 798 6
702 64 8
702 239 1
702 257 3
702 719 5
702 922 8
702 999 5
703 37 4
703 331 10
703 394 9
703 647 7
703 650 3
704 136 1
705 189 3
705 912 7
705 989 9
706 21 7
706 564 3
706 608 2
706 729 1
707 340 1
707 554 9
707 577 4
707 768 4
707 857 7
707 968 10
708 212 10
708 228 5
708 422 2
708 463 3
709 510 8
709 562 8
709 849 7
709 855 4
710 24 9
710 291 2
710 755 5
710 857 7
710 896 1
711 5 7
711 459 9
711 561 2
711 724 9
711 754 4
711 764 5
712 290 2
712 301 2
712 385 4
712 549 8
712 900 10
713 29 10
713 303 5
713 344 9
713 995 9
714 204 9
714 682 2
714 867 8
714 947 9
715 231 4
715 372 9
715 387 8
715 596 6
715 699 3
715 737 2
715 832 4
716 73 6
716 406 1
716 606 6
716 789 7
717 317 2
717 392 3
717 841 5
717 892 10
718 205 1
718 239 5
718 259 3
718 316 2
718 809 4
718 932 2
719 193 5
719 301 5
719 373 9
719 395 6
720 103 4
720 225 3
720 384 5
720 388 10
721 37 9
721 467 5
721 641 10
721 775 8
721 992 10
722 45 5
722 331 10
722 355 6
722 391 6
722 421 1
722 935 8
722 995 9
723 2 8
723 631 2
723 693 9
723 839 1
724 413 9
724 700 2
724 994 6
725 25 6
725 45 7
725 633 4
725 940 7
726 3 2
726 125 4
726 656 9
726 678 1
726 794 4
726 844 6
727 39 9
727 403 2
727 465 8
727 954 2
728 150 3
728 248 5
728 406 1
728 581 5
728 941 3
728 993 7
729 236 5
729 395 9
729 445 2
729 469 10
729 526 1
729 649 8
729 846 7
730 25 1
730 27 6
730 252 7
730 413 2
730 600 7
730 785 4
730 804 3
730 840 1
730 956 1
730 966 1
731 11 3
731 111 2
731 238 3
731 542 5
731 834 3
731 850 10
732 141 4
732 198 2
732 518 5
732 537 2
732 848 1
733 31 2
733 421 7
734 46 1
734 153 5
734 253 5
734 376 7
734 704 6
734 746 1
735 77 3
735 146 9
735 603 8
735 825 1
735 950 3
736 154 9
736 355 5
736 975 8
737 17 2
737 276 8
738 17 2
738 398 8
738 405 5
738 465 2
738 568 4
740 226 4
740 382 4
740 586 1
740 704 8
741 49 6
741 202 6
741 242 2
741 280 5
741 674 10
742 38 4
742 111 7
742 299 10
742 343 2
742 450 5
742 498 5
742 976 4
742 997 4
743 447 6
743 485 6
743 657 9
743 781 9
743 898 9
744 483 1
744 830 3
745 104 7
745 189 5
745 435 5
745 477 5
745 638 5
745 815 4
746 29 8
746 247 3
746 400 10
746 828 10
746 965 8
746 994 5
747 23 2
747 106 2
747 371 3
747 415 10
747 423 2
747 726 10
748 523 1
748 790 3
749 276 5
749 296 10
749 359 5
750 125 8
750 322 5
750 442 2
750 579 2
750 723 5
750 811 7
751 767 6
752 11 6
752 12 9
752 251 5
752 320 6
752 519 9
752 776 9
752 786 5
752 980 3
753 162 2
753 390 6
753 506 5
753 558 2
753 677 4
753 739 3
753 987 5
754 354 10
754 614 6
754 908 2
755 217 6
755 661 1
755 859 7
756 105 2
756 358 3
756 703 8
756 737 5
756 834 8
757 235 6
758 31 2
758 269 10
758 431 5
758 752 7
758 898 4
759 323 4
759 577 4
759 589 9
759 674 5
759 804 3
760 74 10
760 588 8
760 602 4
760 886 3
760 902 10
760 912 5
760 970 1
761 554 9
761 846 3
762 226 1
762 415 6
762 633 8
763 466 8
764 264 4
764 571 8
764 599 4
764 779 7
764 964 2
764 996 8
765 32 10
765 160 7
765 461 3
765 582 10
766 524 5
767 430 2
767 943 1
767 999 3
768 192 4
768 195 7
768 226 5
768 620 1
768 711 4
768 799 4
768 887 6
769 208 2
769 209 2
769 291 9
769 370 2
769 398 4
769 845 5
770 72 8
770 615 4
770 764 3
771 13 3
771 735 8
771 852 7
771 999 4
772 50 2
772 696 2
772 730 9
772 979 8
773 27 3
773 95 7
773 101 3
773 407 9
773 484 10
773 535 7
774 14 9
774 379 10
774 459 6
774 707 7
774 998 3
775 266 3
775 389 9
775 404 9
775 565 4
775 588 1
775 628 9
775 772 10
775 795 7
775 846 8
775 889 2
776 5 5
776 53 3
776 173 8
776 864 6
776 929 1
777 80 8
777 493 2
777 713 9
778 98 1
778 197 4
778 312 5
778 356 9
778 407 6
778 864 2
779 29 1
779 60 10
779 146 6
779 252 3
780 120 9
780 297 1
780 677 3
780 717 10
780 826 8
781 126 7
781 398 10
781 572 3
781 686 3
781 849 9
782 29 9
782 321 10
782 524 5
782 854 7
782 875 1
783 36 2
783 137 5
783 185 4
783 201 9
783 386 6
784 31 10
784 155 2
784 231 10
784 455 7
784 525 3
785 40 5
785 719 2
785 740 1
785 866 7
785 924 5
785 959 2
786 37 7
786 257 8
786 506 3
786 717 8
786 946 6
787 229 9
787 324 2
787 485 1
787 789 3
788 107 10
788 108 3
788 455 9
788 485 7
788 723 3
788 793 2
789 32 4
789 487 5
789 571 2
789 726 7
789 861 1
790 64 5
790 177 4
790 386 1
790 962 9
791 98 10
791 156 7
791 158 2
791 339 9
791 646 3
791 735 2
792 608 4
792 840 6
792 842 6
792 987 8
793 68 4
793 142 10
793 279 10
793 318 1
793 492 3
793 550 7
793 661 3
793 836 1
793 986 6
794 473 7
794 500 8
794 573 10
794 677 2
794 767 6
794 914 10
795 144 10
795 536 2
795 602 9
795 688 8
795 760 3
795 794 8
795 959 8
796 745 6
796 873 9
796 950 5
796 963 9
797 167 6
797 537 3
797 710 9
797 769 5
798 436 9
798 439 1
798 511 6
798 559 3
798 618 2
798 772 8
798 809 6
798 894 2
799 170 3
799 420 7
799 570 5
799 864 6
800 228 3
800 487 4
800 491 3
800 574 2
800 577 2
800 803 10
800 822 8
801 45 3
801 53 4
801 100 1
801 171 3
801 187 5
801 524 9
801 727 10
802 405 2
802 622 9
802 932 9
803 51 10
803 157 7
803 296 4
803 391 5
803 397 10
803 959 1
804 133 7
804 558 9
805 144 3
805 358 9
805 400 1
805 739 3
805 988 10
806 85 3
806 371 8
806 756 5
807 50 1
807 612 6
807 733 7
808 78 3
808 134 7
808 351 9
809 836 2
810 556 2
810 709 6
810 813 3
810 874 6
810 880 5
810 925 10
811 9 5
811 74 2
811 409 6
811 495 7
811 633 10
811 875 3
812 262 1
812 282 6
812 387 2
812 677 6
813 15 10
813 257 4
813 491 6
813 786 5
813 898 8
814 463 2
814 508 6
814 674 9
815 92 8
815 145 1
815 239 3
815 672 4
816 414 6
816 675 5
816 920 6
816 932 2
817 89 6
817 617 6
817 825 9
818 229 5
818 430 3
818 731 1
818 784 9
818 836 1
819 124 5
820 471 8
820 959 6
821 79 10
821 201 10
821 339 10
821 557 10
821 642 10
821 921 2
822 156 7
822 172 9
822 587 3
822 682 8
822 735 9
822 861 10
823 90 3
823 235 4
823 242 2
823 253 9
824 18 10
824 164 9
824 183 7
824 189 3
824 388 8
824 767 9
825 112 2
825 350 9
825 467 8
825 481 4
825 785 2
826 34 2
826 100 3
826 170 6
826 472 1
826 595 1
826 672 1
826 947 3
827 251 1
827 256 5
827 336 8
827 344 2
827 515 4
827 546 10
828 144 10
828 641 3
828 727 8
828 875 8
828 923 7
828 954 3
829 93 8
829 313 10
829 511 4
829 948 3
830 239 7
830 441 2
830 570 1
830 802 1
831 121 3
831 508 1
832 68 5
832 881 4
833 170 7
833 355 2
833 802 8
834 43 3
834 93 1
834 277 7
834 641 4
834 687 4
834 761 9
835 408 4
835 523 1
835 597 1
835 608 9
835 667 9
835 672 8
835 768 8
836 191 2
836 364 10
836 535 5
836 571 5
836 705 6
837 36 7
837 471 4
837 780 9
837 805 6
837 808 4
838 145 6
838 655 9
839 20 6
839 114 5
839 627 8
839 830 1
840 294 9
840 330 5
840 473 6
840 578 8
841 430 5
841 608 10
841 716 8
841 784 3
842 902 10
842 920 1
843 137 8
843 184 2
843 785 7
844 22 4
844 274 8
844 431 10
844 476 8
844 519 2
844 790 6
846 3 8
846 49 6
846 894 5
847 25 10
847 301 10
847 352 4
847 571 4
848 21 2
848 430 1
848 516 2
848 625 4
848 629 2
849 206 4
849 840 10
849 936 6
850 50 6
850 257 9
850 318 5
850 509 10
850 628 8
850 879 5
851 31 3
851 78 9
851 301 8
851 519 1
851 575 7
851 641 2
851 697 1
851 972 2
852 133 7
852 218 2
852 275 3
852 990 4
853 367 2
853 499 6
853 903 8
854 263 4
854 300 1
854 426 10
854 606 7
854 762 6
854 825 10
854 997 10
855 156 4
855 357 9
855 537 4
855 878 3
856 306 1
856 517 6
856 581 9
857 145 3
857 200 2
857 593 5
858 138 1
858 244 1
858 362 6
858 371 6
858 887 2
859 191 3
859 362 6
859 729 5
859 766 4
859 785 1
860 25 7
860 122 6
860 226 9
860 252 2
860 322 3
860 583 5
860 613 5
860 767 3
861 100 3
861 267 10
861 296 1
861 389 1
861 463 3
862 31 8
862 100 3
862 321 1
862 363 2
862 378 3
862 577 2
862 646 2
863 359 4
863 553 3
863 579 2
863 856 3
863 904 9
863 940 10
864 346 4
864 407 4
864 560 5
865 310 2
865 312 7
865 385 7
865 498 8
865 661 5
865 803 2
865 966 4
866 153 1
866 681 1
866 843 4
867 99 7
867 123 10
867 230 2
867 347 3
868 34 8
868 93 10
868 547 2
868 559 8
869 286 10
869 469 8
869 499 6
869 511 1
869 947 3
869 968 2
870 34 4
870 264 7
870 277 3
870 325 1
870 981 6
871 604 7
871 841 5
871 860 7
872 261 10
872 308 10
872 645 3
872 971 1
873 62 9
873 180 6
873 202 1
873 547 8
873 939 4
873 986 4
874 103 8
874 228 2
874 271 3
874 371 7
874 378 8
874 506 7
874 561 8
874 584 7
874 964 8
875 339 4
875 388 3
875 394 2
875 949 8
876 39 7
876 199 10
876 229 5
876 304 6
876 489 8
876 529 5
876 927 1
877 207 9
877 365 4
877 601 1
877 757 3
878 53 1
878 425 7
878 448 1
878 493 8
878 532 5
878 811 1
878 922 10
879 168 4
879 408 6
879 945 4
879 981 7
880 177 7
880 277 9
880 595 3
880 807 4
881 150 1
881 198 10
881 272 9
881 789 8
882 239 1
882 242 3
882 381 8
882 485 1
882 742 2
882 753 5
882 990 8
883 244 10
883 541 6
883 613 5
883 790 10
883 812 7
884 256 10
884 311 3
884 491 10
884 566 6
884 646 3
884 664 2
884 736 5
884 825 4
884 881 8
884 924 1
885 31 3
885 76 10
885 327 3
885 562 5
885 836 2
886 464 10
886 532 5
886 546 3
886 611 8
886 612 4
886 817 9
886 879 7
886 906 3
887 62 7
887 75 5
887 694 1
887 802 2
888 17 5
888 696 5
888 906 6
888 919 6
888 995 5
889 183 1
889 185 6
889 422 4
889 509 3
889 776 5
889 902 3
890 188 9
890 483 3
890 485 1
890 505 7
890 653 1
890 840 4
890 948 1
891 118 1
891 542 5
891 906 1
892 201 9
892 366 6
892 623 4
892 688 8
892 781 6
893 61 1
893 349 4
893 356 7
893 513 3
893 694 5
893 927 8
893 964 9
894 127 6
894 720 3
895 82 5
895 182 7
895 184 7
896 114 4
896 282 3
896 452 9
896 482 1
897 42 8
897 73 8
897 233 8
897 276 5
897 601 10
897 760 3
898 327 6
898 508 5
898 831 4
898 964 7
899 27 1
899 246 2
899 625 8
899 774 10
899 781 9
899 851 3
899 880 8
899 978 2
900 264 3
900 992 1
901 38 4
901 142 1
901 156 8
901 380 1
901 527 9
901 650 7
901 906 9
902 24 4
902 127 4
902 524 6
902 635 5
903 112 1
903 548 5
903 597 4
903 767 1
904 285 1
904 426 10
904 776 6
904 894 10
904 923 6
904 981 7
905 290 8
905 349 10
905 397 8
905 480 10
905 642 6
905 690 10
906 121 8
906 133 8
906 212 3
906 311 3
906 651 8
906 904 5
906 984 4
907 196 5
907 316 2
907 504 3
907 817 6
907 837 8
907 983 5
908 380 3
908 490 1
908 947 8
909 154 4
909 267 2
909 278 4
909 762 4
909 941 9
909 972 4
910 353 2
910 592 2
910 598 2
910 777 9
910 862 9
910 901 8
910 920 3
911 135 10
911 399 7
911 404 6
911 480 5
911 525 8
911 681 9
911 865 4
913 57 8
913 106 10
913 241 10
913 582 9
913 821 4
913 848 4
914 65 10
914 114 5
914 230 5
914 504 1
914 598 7
914 833 7
914 901 6
914 962 7
915 518 9
915 545 3
916 276 4
916 550 5
916 892 8
917 47 5
917 414 5
917 471 7
917 647 8
917 655 5
917 843 2
918 267 4
918 470 10
918 480 4
918 946 10
919 94 8
919 287 6
919 614 3
919 725 6
920 59 10
920 65 8
920 535 3
920 956 3
921 46 6
921 118 1
921 351 7
921 360 1
921 505 2
921 508 1
922 121 6
922 329 3
922 382 9
922 630 6
923 121 1
923 402 4
923 413 3
923 597 3
923 672 7
923 714 8
923 788 6
923 824 10
923 852 6
924 489 1
924 801 2
924 976 1
925 281 1
925 316 8
925 349 3
925 417 2
925 438 1
925 533 4
926 53 7
926 133 5
926 193 7
926 244 10
926 437 2
927 110 8
927 488 6
927 824 7
927 946 3
928 61 9
928 124 5
928 387 6
928 518 3
928 523 10
928 544 5
928 660 5
928 829 3
928 896 5
929 253 5
929 278 6
929 288 3
929 313 9
929 530 9
929 682 7
929 718 7
929 849 8
929 903 10
930 75 10
930 119 4
930 180 8
930 272 6
930 398 9
930 485 4
930 577 1
930 588 10
930 884 3
931 435 3
931 469 1
931 901 2
932 20 2
932 137 4
932 317 9
932 825 6
932 921 7
932 945 4
933 41 2
933 263 8
933 279 6
933 386 4
933 959 10
934 194 9
934 235 10
934 345 5
934 548 5
934 710 10
934 714 9
934 793 5
934 953 9
935 50 5
935 136 2
935 143 5
935 147 2
935 298 1
935 330 1
935 397 10
935 977 9
936 241 8
936 362 1
936 416 8
936 431 6
936 439 10
936 645 8
936 715 8
937 62 8
937 99 10
937 120 10
937 273 7
937 391 3
937 686 9
937 925 8
937 945 1
938 2 2
938 195 8
938 413 10
938 417 3
938 824 6
939 145 5
939 297 3
939 304 10
939 390 8
939 456 10
939 575 9
940 30 7
940 234 3
940 958 3
940 968 10
941 42 3
941 56 8
941 469 5
941 471 10
941 780 3
941 997 6
942 44 10
942 236 5
942 246 5
942 399 10
942 648 7
943 47 9
943 205 6
943 645 7
944 2 1
944 89 4
944 240 8
944 626 7
944 665 8
944 684 3
944 702 9
944 751 4
945 247 4
945 410 3
945 618 5
945 944 1
946 89 8
946 174 8
946 334 5
946 687 10
946 688 3
946 772 8
947 462 7
948 8 3
948 79 10
948 190 8
948 210 10
948 471 6
948 673 3
948 675 2
948 714 6
949 46 3
949 179 5
949 298 8
949 631 2
949 696 9
949 965 5
950 4 9
950 248 2
950 685 8
951 509 10
951 550 4
951 589 9
951 678 8
951 823 9
951 873 9
951 992 4
952 574 5
952 634 10
952 676 3
952 713 5
952 747 4
953 130 2
953 218 5
953 287 9
953 302 6
953 492 1
953 639 10
953 862 10
954 596 7
954 826 9
954 898 5
954 990 10
955 61 2
955 259 2
955 325 2
955 902 5
956 25 6
956 130 4
956 227 6
956 237 8
957 101 2
957 303 7
957 319 4
957 359 4
957 404 1
957 917 8
958 596 10
959 184 9
959 392 9
959 712 8
959 716 2
959 893 8
960 255 2
960 455 7
960 599 4
960 762 10
960 848 8
960 917 1
961 103 3
961 279 6
961 395 5
961 504 7
961 653 2
961 804 10
961 814 9
962 364 5
962 725 4
963 429 6
963 574 6
963 611 3
963 766 8
964 87 4
964 735 1
964 789 2
965 146 6
965 573 2
965 643 8
965 690 5
965 782 6
965 821 10
966 42 7
966 157 10
966 254 2
966 481 5
966 635 8
966 705 3
966 736 2
966 758 3
967 307 1
967 455 6
967 467 10
967 481 2
967 501 2
967 771 2
967 774 10
968 780 5
968 800 5
969 435 2
969 680 1
969 892 3
970 51 9
970 172 2
970 197 7
970 609 9
970 669 1
970 790 6
971 15 4
971 70 2
971 149 4
971 256 3
971 310 5
971 370 5
971 394 5
971 577 5
971 580 5
972 17 9
972 416 3
972 465 7
972 641 8
972 794 2
973 148 6
973 506 8
973 529 6
973 803 5
974 37 10
974 64 2
974 288 7
974 450 7
974 567 4
974 910 4
975 419 6
975 969 10
976 7 9
976 103 5
976 225 7
976 335 7
976 751 9
977 192 6
977 762 3
978 676 2
978 703 2
978 805 8
978 832 9
979 102 9
979 123 2
979 311 6
979 678 1
979 723 8
979 821 8
979 863 8
979 871 9
979 878 2
979 961 1
980 19 4
980 46 2
980 331 10
980 373 7
980 432 9
980 447 9
980 465 2
981 191 10
981 332 9
981 338 5
981 372 3
981 429 9
981 506 2
981 515 10
981 613 10
981 717 1
981 987 9
982 158 10
982 607 8
982 964 2
982 987 9
983 79 2
983 121 8
983 137 10
983 589 5
983 739 1
983 813 6
984 12 6
984 79 5
984 380 6
984 758 5
984 868 2
984 999 3
985 389 9
985 566 3
985 627 4
985 790 10
985 809 7
986 455 3
986 468 10
986 679 8
986 683 9
987 770 6
988 6 2
988 116 4
988 147 8
988 172 6
988 192 2
988 458 3
988 612 4
988 616 3
988 951 3
989 217 9
989 261 1
990 120 6
990 430 6
990 757 10
991 66 4
991 118 2
991 159 8
991 335 6
991 337 1
991 434 10
991 440 4
991 882 7
991 996 1
992 50 6
992 302 3
992 372 10
992 507 6
992 807 10
992 967 6
993 135 6
993 551 4
993 594 9
993 800 10
993 989 2
993 992 4
994 98 2
994 433 6
994 992 7
995 344 7
995 398 5
995 549 7
995 993 6
996 6 5
996 164 2
996 570 9
996 703 2
996 724 4
996 735 7
996 946 7
997 5 3
997 625 9
997 734 3
997 785 5
998 293 10
998 488 5
998 615 3
998 745 1
998 777 8
